ID,class1,class2,class3,class4,class5,class6,class7,class8,class9
0,0.00197532,0.00127133,0.00083647,0.989254,0.00263265,0.00211521,0.00148561,0.000236506,0.000193371
1,0.00698612,0.00673986,0.00106907,0.00518968,0.859949,0.00270849,0.116387,0.000416725,0.000553705
2,0.869628,0.0883817,0.00417243,0.0168814,0.00435851,0.00893681,0.00620187,0.000664804,0.000774308
3,0.00823562,0.0337441,0.00150107,0.0264233,0.00942206,0.00237248,0.916959,0.000709274,0.000633322
4,0.0433554,0.803501,0.00652314,0.0730035,0.00554384,0.0203174,0.0446898,0.00160591,0.00145991
5,0.740351,0.00247234,0.00400526,0.238788,0.00837679,0.00246276,0.00227681,0.00062159,0.000645819
6,0.00962257,0.00193901,0.00153453,0.95891,0.009891,0.00764773,0.00918095,0.000637404,0.000637006
7,0.00821993,0.00751437,0.00120006,0.00657119,0.0042948,0.00160247,0.9689,0.0005472,0.00114991
8,0.00294614,0.00123388,0.0258042,0.961575,0.00356236,0.00258838,0.00158839,0.000306412,0.000395535
9,0.00438568,0.0169541,0.00100195,0.887722,0.00482092,0.0196291,0.0640803,0.000734851,0.000670947
10,0.00216709,0.0184505,0.00186925,0.00225984,0.00131191,0.00189909,0.97124,0.000372159,0.000429789
11,0.0203507,0.000614825,0.000486513,0.0027774,0.0174341,0.957334,0.000510657,0.000180261,0.000311518
12,0.00230974,0.000651789,0.00344228,0.987501,0.00165019,0.00316011,0.000786549,0.000211529,0.000287225
13,0.0113157,0.0278653,0.00332751,0.00954899,0.00301253,0.0165776,0.92637,0.00140413,0.000578251
14,0.00295612,0.945969,0.00062422,0.00233193,0.000743206,0.00176519,0.045013,0.000364908,0.000232363
15,0.235499,0.0171975,0.00800149,0.0450557,0.65491,0.015457,0.0211563,0.00111786,0.00160564
16,0.00398422,0.00189443,0.031225,0.951947,0.00462476,0.00301988,0.00217584,0.00048915,0.000639614
17,0.773391,0.0101002,0.00295104,0.0491219,0.0407998,0.118018,0.00301506,0.000868708,0.00173409
18,0.00687143,0.0034013,0.553979,0.421808,0.00578294,0.00402451,0.00275096,0.000642807,0.000739485
19,0.0407536,0.00365044,0.00193474,0.934298,0.00728657,0.0031289,0.00772022,0.000635182,0.000592543
20,0.0302293,0.0157022,0.00353402,0.914529,0.016119,0.00802903,0.010241,0.000803509,0.000813232
21,0.00256734,0.964544,0.000967853,0.00454258,0.00167832,0.00405752,0.020983,0.000390081,0.000269399
22,0.0111382,0.914896,0.00114354,0.00654983,0.00114041,0.00647715,0.0568801,0.00112558,0.000649318
23,0.0335189,0.008273,0.0715371,0.862613,0.00932105,0.0054079,0.00751314,0.000989584,0.000826258
24,0.978435,0.00447698,0.000642033,0.00685737,0.00237705,0.00182604,0.00488984,0.000201689,0.000293899
25,0.0296586,0.0274568,0.00388129,0.886288,0.022072,0.00875033,0.0200018,0.000842365,0.00104856
26,0.00815593,0.194792,0.00447608,0.00921082,0.0358613,0.00672139,0.738385,0.0011722,0.0012256
27,0.00839585,0.0209356,0.00164033,0.0049215,0.0147823,0.00880696,0.939455,0.00052111,0.000541101
28,0.00713441,0.765214,0.0018887,0.0285594,0.0352915,0.0142326,0.14551,0.000846552,0.00132297
29,0.00239693,0.869507,0.00145345,0.00505507,0.00986875,0.00186621,0.107587,0.00127805,0.000987298
30,0.00595357,0.897013,0.00203468,0.00949794,0.00295646,0.00857284,0.0718051,0.00135915,0.000806848
31,0.133799,0.00278994,0.00737237,0.0789037,0.712553,0.0553815,0.00775786,0.000684226,0.000757615
32,0.0943038,0.0947554,0.0198542,0.0279341,0.0177494,0.0245061,0.718147,0.00131827,0.00143183
33,0.0018926,0.0011606,0.0005521,0.990227,0.00203283,0.00242969,0.00128754,0.000233899,0.000184187
34,0.0103856,0.0286374,0.00863359,0.118077,0.0186463,0.00198702,0.811939,0.000698921,0.000995261
35,0.00142625,0.952047,0.000953001,0.00458926,0.00102543,0.00353667,0.0357455,0.000446084,0.000230726
36,0.00291347,0.0386589,0.00124823,0.0104724,0.00480061,0.00261041,0.938435,0.000434249,0.000426864
37,0.890433,0.00498359,0.000681167,0.0949823,0.00213455,0.00399932,0.00196639,0.000353677,0.000465865
38,0.26072,0.00139801,0.00210279,0.653192,0.0671905,0.0121091,0.0015829,0.000811162,0.000892753
39,0.0371563,0.0263267,0.00344553,0.0285414,0.0122093,0.0282111,0.862054,0.00120125,0.000854769
40,0.00684355,0.0136013,0.00634398,0.00618591,0.00729835,0.00310544,0.954162,0.000527246,0.00193252
41,0.00347583,0.124837,0.00121509,0.00337604,0.00249131,0.00574276,0.857306,0.000889834,0.000666366
42,0.0070995,0.973462,0.00147218,0.00261158,0.000695749,0.00474496,0.00818868,0.00138387,0.000341212
43,0.00131812,0.000944521,0.0185227,0.973066,0.00170291,0.00277199,0.0011467,0.000228588,0.000298902
44,0.00505064,0.0140588,0.00318814,0.0092172,0.00800905,0.004519,0.955226,0.000361872,0.000369671
45,0.988079,0.00225142,0.000365797,0.00452229,0.000457101,0.00176756,0.000671947,0.00038188,0.0015034
46,0.00703766,0.00767016,0.000949846,0.00454733,0.879998,0.00159511,0.0973849,0.000347922,0.000469281
47,0.00319062,0.000658154,0.000472668,0.987407,0.00377454,0.00153752,0.0022721,0.000290711,0.000396848
48,0.849332,0.00789607,0.00815702,0.0559222,0.0454068,0.0158452,0.00945417,0.00382705,0.00415903
49,0.0142694,0.968535,0.00049029,0.00927436,0.00206214,0.00061557,0.00404051,0.000470926,0.000241229
50,0.0186509,0.019147,0.00124041,0.0189422,0.00129556,0.00150193,0.00507809,0.00169562,0.932448
51,0.0121472,0.0276043,0.199932,0.0149732,0.150562,0.0155516,0.575401,0.00196099,0.00186749
52,0.75956,0.0628626,0.00775326,0.0126443,0.0237915,0.00741511,0.119297,0.00299711,0.00367918
53,0.00214545,0.0387238,0.00153759,0.00253383,0.00130687,0.00596668,0.946384,0.000886036,0.00051551
54,0.0356633,0.00118738,0.00573385,0.832036,0.112401,0.00988602,0.00185972,0.000583659,0.00064844
55,0.0589009,0.827203,0.00383579,0.043977,0.0056829,0.0181613,0.0399918,0.00126335,0.000983979
56,0.0100781,0.037094,0.000993764,0.00479162,0.00157229,0.00316504,0.940778,0.00100093,0.000525948
57,0.0240156,0.00801893,0.0149625,0.909571,0.0153993,0.0093366,0.0173375,0.000639808,0.000718508
58,0.00521086,0.0666708,0.00192778,0.00983667,0.00167653,0.00607681,0.905498,0.00148057,0.00162165
59,0.0159649,0.0144172,0.00240845,0.841827,0.102932,0.00576108,0.0146767,0.00127368,0.00073975
60,0.00416769,0.0172779,0.00246157,0.0072625,0.00174099,0.00305511,0.963013,0.000529279,0.00049187
61,0.0298306,0.0125153,0.00184509,0.904067,0.00973277,0.0172383,0.021261,0.00167867,0.00183163
62,0.0128087,0.751894,0.00228301,0.0048888,0.0161852,0.00662701,0.203533,0.000912217,0.000868371
63,0.036124,0.0371183,0.00314345,0.108186,0.0126116,0.00986004,0.789698,0.0022825,0.000975786
64,0.0386258,0.0110679,0.000714727,0.936119,0.000642738,0.00359811,0.00855616,0.000382233,0.000293204
65,0.00444171,0.937516,0.00132262,0.00613287,0.0015631,0.00428437,0.0434131,0.000750999,0.000575668
66,0.00564171,0.00547921,0.00130251,0.961296,0.0097332,0.00685545,0.00895862,0.000479581,0.000253329
67,0.0849739,0.0328088,0.00475064,0.821506,0.00625505,0.0132009,0.0328599,0.00103271,0.00261196
68,0.0347394,0.00457899,0.00167145,0.926622,0.00682138,0.0136691,0.0106365,0.000435808,0.00082563
69,0.837039,0.014425,0.00443573,0.112696,0.0110742,0.010017,0.00858929,0.000786488,0.000937527
70,0.851775,0.0050028,0.00125109,0.127453,0.00323479,0.00746998,0.00266175,0.000490226,0.000661671
71,0.965609,0.00403477,0.000246208,0.0240455,0.000553564,0.00180842,0.00276806,0.000217744,0.000716307
72,0.00578437,0.020265,0.000528585,0.00344116,0.00109848,0.00262841,0.96533,0.000599429,0.000324519
73,0.0478602,0.0265715,0.00188818,0.860456,0.0313841,0.00449803,0.0244549,0.000989133,0.001898
74,0.00663534,0.163721,0.111084,0.00632028,0.00795546,0.009189,0.693095,0.000875296,0.00112481
75,0.0349985,0.0125192,0.00466406,0.911688,0.00959693,0.0146412,0.0102738,0.000837963,0.00078
76,0.753238,0.0114302,0.00148533,0.207969,0.00355574,0.00782774,0.0130894,0.000661225,0.000743843
77,0.0126112,0.973636,0.000784147,0.00463845,0.000529319,0.000702544,0.00627227,0.000527088,0.00029927
78,0.00729675,0.0690882,0.000765299,0.0201911,0.00555493,0.00163802,0.894239,0.000568239,0.00065894
79,0.939005,0.012437,0.00462701,0.0193031,0.00568239,0.00862363,0.00861345,0.000819217,0.000888753
80,0.896226,0.00727062,0.00154552,0.0242055,0.00850911,0.047967,0.0124961,0.000781785,0.000998345
81,0.00274458,0.0239663,0.00069356,0.00710248,0.00215687,0.00404532,0.958357,0.000458996,0.000474846
82,0.00206293,0.00712553,0.00163947,0.00826116,0.0121783,0.870446,0.09694,0.000403607,0.000943277
83,0.968386,0.00180346,0.000269071,0.0255058,0.000320359,0.00103252,0.00185587,0.00020508,0.000621788
84,0.0242392,0.00440986,0.00362874,0.0670342,0.00590098,0.883165,0.00986699,0.000815447,0.000939467
85,0.00120507,0.961814,0.000955155,0.00202767,0.00150164,0.000868484,0.0309534,0.000345345,0.000329091
86,0.0306086,0.00854093,0.00109829,0.949703,0.00413777,0.00196871,0.00284716,0.000631628,0.000463735
87,0.0119468,0.0139539,0.0016724,0.012646,0.00782214,0.00214379,0.948912,0.000455466,0.000447019
88,0.297312,0.00126969,0.00146214,0.0108352,0.6678,0.0187305,0.00152172,0.00046564,0.00060279
89,0.0757679,0.00301525,0.0084211,0.293994,0.0377219,0.573873,0.00398594,0.00146077,0.00176055
90,0.0083194,0.0125023,0.0023503,0.0266954,0.194326,0.00885248,0.744635,0.000844975,0.00147404
91,0.000776398,0.00361968,0.00155191,0.000406539,0.00139729,0.982522,0.0094929,9.86241e-05,0.000134631
92,0.284799,0.00591911,0.00353912,0.665698,0.0142076,0.00400122,0.0198743,0.00105197,0.000909439
93,0.0155398,0.00982635,0.00495496,0.881161,0.0489794,0.00468042,0.0334082,0.000706817,0.000742925
94,0.344731,0.00533446,0.00458532,0.59962,0.0174715,0.00314209,0.0232265,0.00101304,0.00087578
95,0.00335292,0.888968,0.0022798,0.00515164,0.00874016,0.00981374,0.0806753,0.000540551,0.000477394
96,0.0135229,0.0237112,0.00100784,0.0281272,0.00923693,0.834597,0.0879394,0.00115305,0.000704727
97,0.0177371,0.0173321,0.00231142,0.0455902,0.0179242,0.852773,0.0449581,0.000729474,0.000644644
98,0.00271912,0.971238,0.000523797,0.00453159,0.000841009,0.00181531,0.0173441,0.000607354,0.000379705
99,0.00550744,0.943812,0.00101714,0.0044226,0.00318377,0.00184651,0.039678,0.00025216,0.000280465
100,0.0165585,0.0103464,0.00129882,0.956294,0.00261673,0.00350061,0.00819627,0.00061152,0.000577439
101,0.0197985,0.00406576,0.769619,0.0207522,0.131432,0.0516534,0.00177689,0.00045105,0.000451611
102,0.0359693,0.0254706,0.00439765,0.894625,0.00232208,0.0102872,0.022268,0.00333576,0.0013241
103,0.00659509,0.0441686,0.000596446,0.0105195,0.000787116,0.0110257,0.924261,0.00108328,0.000963225
104,0.00990007,0.96517,0.00077795,0.00753047,0.00159976,0.00251348,0.0112541,0.00056578,0.000688703
105,0.162124,0.0011799,0.0013279,0.760708,0.0646527,0.00707056,0.00203539,0.000430552,0.000470867
106,0.00116633,0.0704256,0.000786188,0.00238463,0.00222868,0.00321062,0.918662,0.000785845,0.000350443
107,0.73116,0.00176809,0.00238022,0.253762,0.00519599,0.00260175,0.00209103,0.000514478,0.000526564
108,0.00474866,0.23572,0.00156427,0.0041853,0.00274101,0.00584767,0.742996,0.000943989,0.00125324
109,0.0128199,0.0112834,0.0015669,0.0195678,0.00554848,0.920992,0.0272386,0.0003889,0.000594376
110,0.00637252,0.00225094,0.00132756,0.976639,0.00735724,0.00221,0.00299703,0.000386951,0.000458873
111,0.76601,0.0111598,0.00209738,0.196634,0.00349123,0.0131194,0.00584984,0.000821884,0.000817219
112,0.00426946,0.142801,0.000928468,0.0196345,0.0103044,0.00156011,0.818425,0.00117889,0.000898076
113,0.023781,0.00163987,0.0133619,0.00540616,0.434038,0.519376,0.00171116,0.000322546,0.000362691
114,0.0823962,0.00290561,0.0119939,0.0680815,0.825412,0.00466196,0.00331878,0.000597154,0.000633069
115,0.73559,0.0318439,0.00398814,0.17674,0.0172759,0.00492076,0.0270393,0.00126083,0.0013407
116,0.0464169,0.823798,0.00677558,0.0461413,0.0239159,0.00490648,0.0442445,0.00161006,0.00219189
117,0.0153025,0.00849567,0.00464556,0.896169,0.0404263,0.00433167,0.0292237,0.000718418,0.000687007
118,0.00802199,0.00562532,0.825339,0.00217876,0.00957357,0.0036903,0.144428,0.00043146,0.000712051
119,0.0143217,0.0170765,0.00127313,0.849456,0.0114458,0.00165999,0.10313,0.000812915,0.000823765
120,0.975038,0.00655804,0.000249198,0.00812757,0.000523686,0.00066624,0.00819041,0.000317895,0.000328727
121,0.00476283,0.0273738,0.00181448,0.0122786,0.014317,0.00417729,0.934026,0.000637038,0.000612906
122,0.00356915,0.0482749,0.00116452,0.00341802,0.00800196,0.00201611,0.932118,0.000945632,0.000491272
123,0.00106994,0.00779129,0.000503858,0.00180764,0.00105324,0.000640622,0.986744,0.000199814,0.000190001
124,0.0955076,0.011143,0.00120544,0.873306,0.00849858,0.00598282,0.00249873,0.000508041,0.00135017
125,0.113852,0.00892113,0.00137283,0.848213,0.00916399,0.0102323,0.00472596,0.00182436,0.00169449
126,0.011209,0.802517,0.00144806,0.00474113,0.00509219,0.00350175,0.169223,0.00105264,0.00121446
127,0.0142105,0.777322,0.0116099,0.00470961,0.0481413,0.00533864,0.1351,0.00176632,0.00180201
128,0.00248433,0.0135875,0.00057265,0.00295985,0.000576568,0.00152945,0.977449,0.000568326,0.000272811
129,0.882574,0.0233695,0.00159087,0.07389,0.00170096,0.00370751,0.0116584,0.000669137,0.000839919
130,0.00132813,0.0567322,0.000686014,0.00137483,0.000725467,0.0126039,0.924956,0.000984722,0.0006084
131,0.894378,0.0237598,0.00300179,0.0504792,0.00912353,0.00623319,0.0115459,0.000859281,0.000619032
132,0.00506927,0.0955063,0.000988114,0.0117103,0.00263062,0.00236905,0.879906,0.00107828,0.000741967
133,0.00404938,0.0792028,0.00191572,0.0148732,0.0190821,0.0118677,0.867141,0.000735707,0.00113252
134,0.764121,0.0019845,0.00212502,0.023615,0.176332,0.0267894,0.00293873,0.000877787,0.00121652
135,0.0400777,0.844034,0.00338188,0.0281816,0.0141209,0.01172,0.056122,0.000837723,0.00152371
136,0.00605502,0.00435006,0.000547481,0.976313,0.00267486,0.00484526,0.00452352,0.000396771,0.000294446
137,0.00365399,0.0243195,0.00223324,0.0143757,0.0652118,0.00923341,0.879297,0.000865243,0.000810525
138,0.00603084,0.000421698,0.000466932,0.00179371,0.00203373,0.987951,0.000886987,0.000104278,0.000310633
139,0.760152,0.0040022,0.00251546,0.210592,0.00694079,0.00331822,0.0112406,0.000672058,0.000565966
140,0.00753665,0.001118,0.00366331,0.00905595,0.936587,0.0399778,0.00140024,0.000332346,0.00032902
141,0.931626,0.0312873,0.000790908,0.0113302,0.00148762,0.00139762,0.0204461,0.00112015,0.000514047
142,0.140496,0.00588485,0.00449818,0.827855,0.00331128,0.00231833,0.0144949,0.00057357,0.00056788
143,0.0131266,0.0872152,0.830006,0.0189271,0.00798134,0.0100441,0.0297057,0.0019337,0.0010601
144,0.0287476,0.120537,0.00392535,0.0144735,0.0178588,0.0106549,0.801673,0.00110333,0.00102698
145,0.00252639,0.0155041,0.623514,0.00394923,0.0147484,0.00204035,0.336618,0.000583023,0.000516282
146,0.00960725,0.938672,0.00167271,0.00871538,0.00653598,0.00546062,0.0284752,0.00043696,0.000424276
147,0.00408134,0.0577718,0.00318413,0.00736401,0.0118556,0.00367257,0.910526,0.00102766,0.000516652
148,0.0105755,0.857554,0.00214121,0.00608491,0.00810798,0.0118362,0.102034,0.000987915,0.000678053
149,0.00217573,0.029482,0.0136065,0.00235941,0.850536,0.00228965,0.0979622,0.000641958,0.000946875
150,0.9458,0.00961457,0.00472128,0.0120758,0.0127159,0.00522983,0.00808594,0.000648961,0.00110739
151,0.0129088,0.0563005,0.000669002,0.0100713,0.00183759,0.00649352,0.908767,0.00097458,0.00197729
152,0.00234829,0.0018135,0.0165092,0.973121,0.0032323,0.00111399,0.00128956,0.000247923,0.000324184
153,0.0030361,0.0204131,0.000398817,0.00229956,0.000707086,0.000898026,0.970438,0.00159419,0.000214723
154,0.0374807,0.00233454,0.00679233,0.764754,0.148774,0.0340252,0.00460915,0.00057339,0.000657291
155,0.0166802,0.268161,0.00310082,0.00896916,0.0133594,0.0158572,0.671282,0.00129227,0.0012988
156,0.00234113,0.00350485,0.798741,0.00250419,0.00223668,0.00149303,0.188691,0.000247615,0.000240296
157,0.0235248,0.0811184,0.00115361,0.00688305,0.00147357,0.863291,0.0201687,0.00175985,0.000627361
158,0.0421849,0.0011887,0.000763533,0.00825859,0.0476523,0.896818,0.00255315,0.000296593,0.000284166
159,0.00236836,0.901534,0.000887545,0.00312151,0.0039056,0.0035718,0.0837868,0.000423209,0.000400939
160,0.0668044,0.761613,0.00239146,0.114328,0.0107411,0.00489134,0.0357895,0.00138894,0.00205163
161,0.884099,0.00393072,0.00724849,0.0201323,0.0249897,0.0532101,0.00417262,0.00127033,0.000946577
162,0.175057,0.00752635,0.00119306,0.0251572,0.00973652,0.769444,0.0109588,0.000458102,0.000468529
163,0.142821,0.00220147,0.00107978,0.0285692,0.812502,0.010374,0.00131126,0.000504272,0.00063782
164,0.00554088,0.201939,0.00133866,0.00884519,0.00407641,0.00296624,0.774348,0.00055307,0.000391742
165,0.83337,0.00724255,0.000844784,0.14319,0.00870343,0.00296986,0.00220797,0.000790495,0.000680646
166,0.0970567,0.0422671,0.00228173,0.814991,0.0046121,0.0228634,0.0140714,0.000719459,0.00113738
167,0.0164173,0.0224334,0.00278076,0.0232469,0.00988006,0.0114541,0.912347,0.000561342,0.000878872
168,0.00696119,0.0109123,0.00661808,0.0174539,0.00698115,0.00268664,0.946819,0.00092204,0.000645939
169,0.00322191,0.00475354,0.854035,0.00409117,0.00289513,0.00262975,0.127635,0.000392679,0.0003467
170,0.975432,0.00193811,0.000217114,0.0196605,0.000333545,0.000756342,0.00112109,0.00025405,0.000286808
171,0.419424,0.508602,0.00617218,0.022569,0.0142132,0.0141021,0.0124088,0.00115884,0.00134972
172,0.00203848,0.865303,0.000513526,0.00184766,0.00395162,0.00319859,0.122323,0.000459184,0.00036465
173,0.0468824,0.00288227,0.00187663,0.010928,0.0192757,0.913637,0.00339853,0.000503608,0.000615883
174,0.0576574,0.00662897,0.00236025,0.909406,0.0138911,0.00524748,0.00245989,0.000859022,0.00149032
175,0.00315639,0.0114206,0.00152852,0.00903263,0.0296096,0.0187917,0.923248,0.00172708,0.00148499
176,0.00592293,0.0307847,0.00224553,0.0102388,0.00591151,0.00566552,0.937872,0.000784004,0.000575372
177,0.799363,0.00319399,0.0013003,0.16644,0.00682951,0.00221056,0.0195016,0.000626369,0.000534569
178,0.00264439,0.0568999,0.812208,0.00217766,0.00373518,0.00392689,0.117707,0.000308578,0.000392312
179,0.97956,0.0020722,0.000655068,0.0104411,0.00119954,0.00241206,0.00309759,0.000302351,0.000259954
180,0.00386908,0.0448554,0.00101296,0.00232643,0.00558682,0.00447294,0.936918,0.000560702,0.000397724
181,0.0210893,0.955267,0.000667472,0.0104965,0.00600406,0.00110206,0.00464789,0.000449374,0.000276104
182,0.00585141,0.00896948,0.00114606,0.00557593,0.00716567,0.00383736,0.966322,0.000530765,0.000600925
183,0.00166893,0.00855062,0.000387979,0.00164316,0.000998876,0.000734646,0.985608,0.000214112,0.000193682
184,0.00194585,0.0090114,0.000478382,0.00282049,0.000581959,0.00176428,0.98279,0.000377968,0.000229473
185,0.00290292,0.00117138,0.0353337,0.951804,0.00418777,0.00230995,0.00161628,0.000292069,0.000381911
186,0.00771292,0.000423268,0.000617019,0.00180748,0.00251633,0.985774,0.000709056,0.000103292,0.000336242
187,0.00473969,0.000577069,0.000567995,0.00126701,0.00497245,0.986104,0.00129581,0.000116589,0.000359607
188,0.00396684,0.944718,0.00144523,0.00536175,0.00349946,0.00820808,0.031196,0.0008648,0.000739474
189,0.0359719,0.0577525,0.00310072,0.00659998,0.197962,0.00875064,0.687525,0.00124978,0.00108739
190,0.902079,0.0126031,0.00250108,0.0679546,0.00431172,0.00400186,0.00482305,0.000845762,0.000879402
191,0.942932,0.00206869,0.00146123,0.0386977,0.00322476,0.00883003,0.00149875,0.000653553,0.000633164
192,0.0400316,0.00193208,0.0074855,0.782499,0.0857692,0.0752926,0.0055657,0.000652918,0.000771862
193,0.0821925,0.000556838,0.000886359,0.0056334,0.906047,0.00361224,0.000497214,0.000264537,0.000310049
194,0.708078,0.00313909,0.00216819,0.263031,0.0075454,0.00294399,0.0119164,0.000615741,0.000561386
195,0.00208345,0.874285,0.000653481,0.00263498,0.0018661,0.00801433,0.10924,0.000714768,0.000508695
196,0.0690264,0.00143285,0.0014085,0.0312469,0.875802,0.0104952,0.00957689,0.000554397,0.000456957
197,0.0179317,0.00143428,0.000565532,0.966691,0.00398367,0.00106305,0.00776865,0.000226444,0.000335404
198,0.00328535,0.957656,0.00183422,0.00345001,0.0106609,0.00781326,0.0138372,0.00082057,0.000642441
199,0.944188,0.0111361,0.000436135,0.0330506,0.000503094,0.00146546,0.00802652,0.000826404,0.000367579
200,0.00831802,0.0347694,0.00372386,0.0194049,0.0419054,0.0169822,0.872076,0.000983109,0.0018367
201,0.00750044,0.00819098,0.000363131,0.0313901,0.000563443,0.00103958,0.00440228,0.946091,0.000459254
202,0.940471,0.011744,0.000606787,0.0359445,0.00104814,0.00343158,0.0051595,0.000661475,0.000933066
203,0.834063,0.00736433,0.00100524,0.146224,0.00315426,0.00426737,0.00277222,0.000485174,0.000664763
204,0.00309555,0.0550474,0.000691502,0.00525777,0.00308179,0.852473,0.0796015,0.000420048,0.000331741
205,0.0155861,0.0905689,0.0059961,0.0281591,0.00984998,0.72436,0.121874,0.00165304,0.00195219
206,0.00523246,0.0224467,0.00111167,0.00745803,0.0161901,0.00318676,0.942387,0.00117616,0.000810849
207,0.826681,0.0254863,0.00692592,0.0513969,0.0541619,0.0228491,0.00960474,0.00153447,0.00135991
208,0.0251868,0.831899,0.00159264,0.0209999,0.00249808,0.00636773,0.107664,0.00279885,0.00099247
209,0.00195027,0.00671331,0.000380602,0.00276348,0.00109392,0.000710939,0.985742,0.000341073,0.000304053
210,0.00369017,0.024877,0.00771842,0.876985,0.0099902,0.00139827,0.0738665,0.000828581,0.000646182
211,0.000866191,0.00533067,0.000482893,0.00597649,0.000670245,0.000810815,0.0112133,0.00039003,0.974259
212,0.0199385,0.0377174,0.00427859,0.00591883,0.0257822,0.0198532,0.883257,0.00197375,0.00128046
213,0.0179602,0.0123865,0.0530076,0.00786758,0.0158595,0.00489827,0.886269,0.000835207,0.000915818
214,0.00787702,0.00330437,0.000676468,0.963556,0.00189873,0.00329195,0.0180196,0.000772375,0.000603423
215,0.0943437,0.592636,0.00307202,0.0539695,0.0919693,0.08064,0.0794705,0.00215911,0.00173956
216,0.00858719,0.939727,0.00155585,0.00828585,0.00157614,0.00278028,0.0352033,0.0014926,0.000792301
217,0.00580788,0.0399633,0.00116663,0.00447379,0.00299959,0.00659904,0.936935,0.000741016,0.00131417
218,0.00230712,0.0132662,0.000498606,0.00328238,0.000606078,0.00185694,0.977488,0.000429255,0.000265234
219,0.00392671,0.0336423,0.000554813,0.00165898,0.0007771,0.854763,0.103675,0.000613674,0.00038863
220,0.00609034,0.0359397,0.00131847,0.00756541,0.0111371,0.00492602,0.930951,0.000833622,0.00123816
221,0.00515778,0.0429163,0.00316754,0.0328658,0.0192195,0.00785917,0.886469,0.00073321,0.00161127
222,0.0535563,0.01134,0.00139693,0.902217,0.00294105,0.00738109,0.0188316,0.00125741,0.00107844
223,0.0229466,0.00432254,0.00250368,0.0125534,0.930396,0.0234187,0.00257572,0.000680162,0.000603033
224,0.0228335,0.000743881,0.000428415,0.00414036,0.00778647,0.962651,0.00110376,0.000143084,0.000169588
225,0.0522512,0.0116138,0.00147476,0.909872,0.0055258,0.00891974,0.00927237,0.000506352,0.000563923
226,0.00560301,0.543772,0.00324504,0.0094378,0.0146738,0.00398857,0.416372,0.00148302,0.00142495
227,0.00356848,0.0128813,0.00119827,0.00656673,0.00390684,0.620412,0.3501,0.000540953,0.00082567
228,0.00592387,0.0120918,0.00125589,0.00716402,0.00358744,0.00270863,0.965522,0.000969721,0.00077632
229,0.00949026,0.106355,0.00151967,0.0207561,0.00988453,0.00487288,0.845247,0.000846315,0.00102864
230,0.00340317,0.000622694,0.000376821,0.00418321,0.00460505,0.986101,0.000470206,0.000109417,0.000128358
231,0.882378,0.00744298,0.00119712,0.0509107,0.0129152,0.0137232,0.0301783,0.000560023,0.000694714
232,0.0605212,0.00132171,0.0033271,0.069465,0.82601,0.0343104,0.00352723,0.000827639,0.000690053
233,0.037512,0.0122103,0.00214652,0.889796,0.00727983,0.027871,0.0202476,0.00151743,0.00141911
234,0.0184462,0.00184416,0.0139198,0.00630442,0.935837,0.0214549,0.00148086,0.000338239,0.000374669
235,0.0487678,0.818223,0.00330128,0.0313583,0.0196775,0.0362633,0.0400915,0.00107738,0.00124016
236,0.0125048,0.0287093,0.00230493,0.0127312,0.00115959,0.00851518,0.931401,0.00207465,0.000599115
237,0.0013595,0.00960107,0.00183491,0.000815679,0.00164417,0.963104,0.021259,0.000165248,0.000216799
238,0.0697561,0.00147665,0.00428821,0.852276,0.0614507,0.00763592,0.00168288,0.000746264,0.000687281
239,0.0813425,0.00733149,0.00251179,0.0202328,0.808068,0.0700461,0.00903836,0.000770281,0.000658727
240,0.868696,0.00954328,0.0026616,0.0991898,0.00550929,0.0062718,0.00490087,0.00131115,0.00191604
241,0.00411162,0.10916,0.00243516,0.0168115,0.0247744,0.00720404,0.83377,0.000869247,0.00086452
242,0.0010447,0.0324296,0.000628574,0.00289772,0.000630378,0.00652962,0.954444,0.000696728,0.000698478
243,0.0116626,0.0480518,0.00119074,0.00981138,0.00205071,0.00541803,0.920804,0.000474508,0.00053608
244,0.00402444,0.00906325,0.000809408,0.0216607,0.00137286,0.945611,0.0163913,0.000496953,0.000569641
245,0.00359771,0.0194143,0.000723299,0.0122739,0.00388548,0.00150996,0.95774,0.000280844,0.000574016
246,0.975424,0.00543424,0.000253643,0.00199486,0.000551896,0.00243721,0.0127347,0.000507838,0.000661395
247,0.746077,0.00254525,0.00208032,0.0532479,0.180154,0.0113281,0.00277701,0.000835813,0.000954184
248,0.0218433,0.162069,0.00489826,0.0274273,0.0257776,0.00513601,0.751226,0.000819782,0.000802441
249,0.786045,0.0262659,0.00325861,0.0888042,0.00443625,0.0164756,0.0704974,0.00104303,0.00317437
250,0.0032368,0.0178438,0.000851327,0.00553094,0.00083973,0.0037831,0.966909,0.000725262,0.000280158
251,0.602485,0.133665,0.00558071,0.113888,0.0181755,0.0544913,0.0683089,0.00153868,0.00186806
252,0.0160548,0.0119311,0.00114139,0.958402,0.00332763,0.00314352,0.00491665,0.000535723,0.000547265
253,0.00351499,0.0135698,0.000792215,0.94864,0.00527772,0.00198441,0.0253215,0.000408252,0.000490883
254,0.0399551,0.262682,0.0109569,0.0682173,0.0383921,0.080659,0.495628,0.00170252,0.00180721
255,0.00993637,0.00903438,0.000764639,0.0220847,0.00560508,0.0022108,0.949738,0.000261094,0.000365316
256,0.377419,0.00138429,0.00106902,0.028162,0.511088,0.0781452,0.00147797,0.000575786,0.000678854
257,0.985848,0.00129758,0.000682699,0.0067473,0.000821888,0.00201037,0.00202843,0.000318409,0.000245113
258,0.00236304,0.00100822,0.0007499,0.989864,0.00248656,0.00182402,0.00130907,0.000219869,0.000175385
259,0.226938,0.125441,0.0057527,0.528028,0.0502567,0.0375415,0.0225699,0.00169229,0.00178043
260,0.0054311,0.00028128,0.000277685,0.00293545,0.00580503,0.984627,0.000435874,9.41847e-05,0.000112128
261,0.00162508,0.0168729,0.000983689,0.00581144,0.00177696,0.00103371,0.970856,0.000744168,0.00029626
262,0.519094,0.0061156,0.00120224,0.455776,0.00609161,0.00714473,0.00242365,0.000594168,0.00155793
263,0.00118567,0.0771379,0.00179846,0.00134222,0.000882177,0.000974302,0.914995,0.000956614,0.000727408
264,0.00155217,0.792556,0.000521821,0.00263782,0.000881402,0.00451811,0.196068,0.000880398,0.00038459
265,0.934724,0.00245077,0.00184171,0.022228,0.0186195,0.0157945,0.00315628,0.000621489,0.000563904
266,0.00264253,0.916165,0.0025693,0.00315427,0.00320338,0.00384164,0.0675585,0.000495363,0.00036994
267,0.00431455,0.0271742,0.00137461,0.0127005,0.00323598,0.00272621,0.946752,0.00078962,0.000932693
268,0.0288522,0.858861,0.00128117,0.0119583,0.015363,0.00847278,0.0735023,0.000613143,0.00109634
269,0.778646,0.0117547,0.0660437,0.0932144,0.00453136,0.0147984,0.0276349,0.00166463,0.00171173
270,0.0161287,0.000908831,0.037142,0.920737,0.00657529,0.0156699,0.00173586,0.00059507,0.000507376
271,0.00182198,0.0181961,0.000786655,0.00304679,0.0017251,0.00229589,0.971234,0.000562649,0.00033127
272,0.008559,0.0375611,0.00441714,0.888913,0.00513568,0.00630329,0.0450295,0.00203961,0.00204159
273,0.0135242,0.889176,0.00253487,0.0106115,0.0040637,0.019427,0.0553597,0.00234096,0.00296221
274,0.00391959,0.016233,0.00143802,0.00291199,0.000914834,0.000953833,0.972931,0.0002943,0.000403331
275,0.809782,0.0101788,0.00175091,0.162158,0.00412863,0.00654713,0.00392903,0.000649342,0.000876435
276,0.0686778,0.0141526,0.151747,0.0698665,0.0673719,0.00324319,0.622788,0.0011555,0.000997323
277,0.0024418,0.00126743,0.000666718,0.989514,0.00286511,0.00170895,0.00115633,0.000210385,0.00016945
278,0.0287171,0.00499395,0.000933061,0.948912,0.00381637,0.00418799,0.00729602,0.000453623,0.000689682
279,0.00434966,0.036018,0.00141161,0.0179257,0.00717216,0.00839879,0.923022,0.000972465,0.000729523
280,0.00791091,0.0383048,0.00107399,0.0099651,0.00115701,0.00852772,0.931309,0.00077346,0.000978432
281,0.0155717,0.110369,0.00261841,0.00605006,0.0177573,0.00649887,0.839259,0.000870135,0.00100582
282,0.00266561,0.0298982,0.00203806,0.00685654,0.00401718,0.00479089,0.947976,0.000554281,0.00120301
283,0.00252962,0.00760142,0.000550848,0.00394853,0.00232467,0.00363274,0.978582,0.000304804,0.000525552
284,0.0623841,0.0010101,0.00168084,0.888662,0.0367772,0.00748182,0.00104061,0.00044622,0.000517252
285,0.113515,0.00220276,0.0146903,0.0779566,0.763329,0.0232643,0.00364432,0.000653254,0.000744764
286,0.0217662,0.0596139,0.00232461,0.00485121,0.00419037,0.00301776,0.902933,0.000689429,0.000613455
287,0.084139,0.0118016,0.00249677,0.873964,0.00533651,0.0129509,0.00736031,0.000965956,0.000984936
288,0.695948,0.00148938,0.00261229,0.0189772,0.265618,0.0122389,0.0014421,0.00075365,0.000919889
289,0.790493,0.0127501,0.00230555,0.112688,0.0148695,0.0632029,0.00252816,0.000594829,0.000568051
290,0.00667904,0.000889733,0.000609683,0.978839,0.00726497,0.00138428,0.00334811,0.000418366,0.000567005
291,0.0687307,0.0137169,0.00160189,0.88855,0.00139888,0.00436229,0.0190337,0.00122612,0.00137937
292,0.0715279,0.00235287,0.00173519,0.0507425,0.860654,0.00845705,0.00289417,0.000772898,0.000863034
293,0.00220197,0.901068,0.0028748,0.00144758,0.0022746,0.0359934,0.053011,0.000823122,0.000305628
294,0.0129196,0.806681,0.00223704,0.0105842,0.0135343,0.00551131,0.1475,0.000520628,0.00051136
295,0.00318933,0.00934857,0.0444125,0.00181238,0.00980767,0.00180647,0.928501,0.000491445,0.000630274
296,0.0102311,0.0154883,0.6817,0.00529362,0.00552498,0.00332081,0.277613,0.000413497,0.000414602
297,0.156209,0.0055819,0.0016378,0.817398,0.00525805,0.00746262,0.00474905,0.000918823,0.000784399
298,0.00485826,0.0103546,0.0163,0.0137391,0.00620072,0.00357686,0.943095,0.00102736,0.000847675
299,0.0167342,0.0302741,0.0077752,0.736592,0.0218204,0.00592223,0.178557,0.00100718,0.00131818
300,0.0975125,0.00337431,0.00354329,0.876827,0.00886414,0.00440087,0.00387226,0.000793703,0.000812348
301,0.00505797,0.0411802,0.0015543,0.00293501,0.0111143,0.840214,0.0952963,0.000615695,0.00203247
302,0.00271909,0.926735,0.000535484,0.00159273,0.00160602,0.00136148,0.0648013,0.000425444,0.000223612
303,0.00298417,0.0135315,0.103607,0.00257713,0.0149779,0.00298821,0.858027,0.000673033,0.000634006
304,0.00156915,0.961958,0.000924919,0.00209326,0.00296357,0.000797876,0.0290104,0.000348188,0.000335105
305,0.0925865,0.00336679,0.10061,0.755146,0.0221499,0.00521139,0.0183673,0.00142571,0.00113713
306,0.00891715,0.0632787,0.0109385,0.0100298,0.610033,0.0206281,0.268403,0.00489836,0.00287367
307,0.023161,0.0330413,0.0948824,0.0137613,0.0126787,0.010517,0.810016,0.0009791,0.000963508
308,0.00507142,0.00177886,0.000582793,0.0108874,0.000479813,0.00140073,0.000994948,0.000446453,0.978358
309,0.8655,0.00269388,0.000667674,0.00529722,0.0297321,0.0800881,0.0149639,0.000560235,0.00049728
310,0.0201514,0.0321892,0.000941264,0.00856347,0.00139816,0.0141319,0.920834,0.000855212,0.000935574
311,0.00858028,0.0190593,0.00200084,0.0102905,0.0084739,0.0065561,0.0584256,0.886145,0.00046846
312,0.909917,0.00203456,0.0025426,0.0265737,0.0423097,0.00573782,0.00849987,0.00112673,0.00125845
313,0.00357403,0.724045,0.00135486,0.00428938,0.00278402,0.00205047,0.257661,0.0031677,0.00107322
314,0.00605944,0.0364605,0.000591941,0.00582898,0.00108933,0.00243907,0.945784,0.00105754,0.000688972
315,0.982115,0.00833054,0.000242639,0.00428578,0.000526408,0.000963059,0.00303369,0.000177614,0.000324908
316,0.0169147,0.0416652,0.0052621,0.0103887,0.0990378,0.00275588,0.821185,0.00131378,0.00147733
317,0.711691,0.00576023,0.00471716,0.142679,0.0830929,0.044986,0.0053092,0.000739536,0.00102521
318,0.00398423,0.00250216,0.0021515,0.982844,0.00423136,0.00161354,0.00194233,0.000406295,0.000324092
319,0.0118846,0.0169944,0.00592288,0.0254607,0.0154354,0.0152294,0.904766,0.00250749,0.0017996
320,0.0513344,0.782579,0.0037283,0.0491168,0.0777395,0.0156297,0.0179136,0.000776032,0.0011829
321,0.00451966,0.639512,0.000799451,0.00683597,0.00123123,0.00144477,0.344081,0.000560373,0.00101573
322,0.00549019,0.000369321,0.00029635,0.00606704,0.00195879,0.985217,0.000320594,0.00012637,0.000154048
323,0.911565,0.00472533,0.00147055,0.0463213,0.00558718,0.00619676,0.0186312,0.00206904,0.00343385
324,0.0195598,0.0013463,0.00692084,0.00608625,0.946233,0.0173346,0.00181204,0.000332824,0.00037425
325,0.726213,0.0104973,0.00286952,0.0854677,0.131858,0.0164904,0.0208653,0.0034654,0.00227305
326,0.0533099,0.017387,0.0023926,0.870682,0.0126793,0.00831171,0.030929,0.00257577,0.00173312
327,0.0058667,0.940081,0.00169578,0.00279826,0.00155921,0.00193007,0.0442713,0.000932079,0.000865895
328,0.0369406,0.00238158,0.0100825,0.00845849,0.913319,0.0259618,0.0019089,0.000449559,0.000497978
329,0.00148297,0.0691742,0.000652232,0.0063346,0.000976942,0.00191033,0.918471,0.000506533,0.00049135
330,0.164646,0.00169768,0.00975443,0.0161862,0.788525,0.0134235,0.00437094,0.000529713,0.000866624
331,0.00657943,0.0145575,0.0011407,0.00922335,0.00315587,0.934409,0.02798,0.00237707,0.000576768
332,0.00524502,0.830034,0.00177001,0.00544008,0.00280175,0.00309223,0.150098,0.00075299,0.000766608
333,0.957272,0.0146545,0.000571836,0.0201547,0.00104876,0.00453181,0.000696327,0.000390638,0.000679033
334,0.0330413,0.00226819,0.0263606,0.699153,0.181169,0.0509803,0.00512364,0.000915035,0.000988189
335,0.048561,0.00275377,0.00194495,0.0193625,0.841134,0.0812627,0.00300862,0.00122291,0.000749285
336,0.0966602,0.00319547,0.00325707,0.881928,0.00598286,0.00376909,0.00295844,0.00079124,0.00145749
337,0.0462498,0.00725584,0.00118555,0.927447,0.00636309,0.00306431,0.00690332,0.000677305,0.000853994
338,0.0216046,0.00166161,0.00764642,0.00783476,0.90361,0.0545877,0.00217389,0.000417866,0.000462871
339,0.00321086,0.12113,0.00408812,0.00258413,0.00108368,0.00331386,0.863906,0.000387521,0.000296326
340,0.211337,0.00637048,0.00376071,0.754279,0.00883328,0.00253979,0.0118047,0.000540069,0.000534711
341,0.941212,0.0123639,0.00134453,0.0218702,0.00263972,0.00193962,0.0163987,0.000980276,0.00125129
342,0.00410529,0.00853524,0.698776,0.00233952,0.131396,0.00330479,0.149678,0.00073819,0.00112688
343,0.0867361,0.0111685,0.0019341,0.883984,0.00553165,0.00478601,0.00480984,0.000485004,0.000564408
344,0.0390132,0.873802,0.00281803,0.0462892,0.0100027,0.00892796,0.0163699,0.00164813,0.00112865
345,0.0304513,0.0213203,0.00110889,0.0857567,0.00959508,0.836311,0.011982,0.00267425,0.000800958
346,0.013064,0.0683038,0.00614361,0.0100427,0.00792469,0.0175779,0.874509,0.00154404,0.0008905
347,0.00431783,0.0153841,0.000812416,0.00549479,0.000938945,0.000893753,0.971036,0.000494829,0.000627779
348,0.640932,0.00442882,0.00221756,0.327135,0.00671162,0.00325254,0.0139835,0.000718635,0.000621267
349,0.223665,0.00336948,0.00921024,0.0347458,0.713363,0.0066993,0.00590004,0.00119871,0.00184842
350,0.595198,0.00262661,0.0050057,0.347452,0.021021,0.00630405,0.0206289,0.000905372,0.000857929
351,0.0232718,0.00178078,0.0238855,0.00693349,0.913935,0.0273461,0.00200693,0.000398961,0.00044193
352,0.0120342,0.0451216,0.00110492,0.0232744,0.0051167,0.00510647,0.906093,0.00121817,0.000930665
353,0.00348835,0.00130762,0.000958523,0.98062,0.00909111,0.00149496,0.00237878,0.000302283,0.000358468
354,0.702425,0.0134056,0.00318306,0.219993,0.0109955,0.0031993,0.0452493,0.00071351,0.000835613
355,0.361676,0.00549881,0.0030951,0.594776,0.00965082,0.0026762,0.0209016,0.000925253,0.000799891
356,0.0161327,0.0186607,0.00256913,0.0100111,0.00429936,0.00707729,0.939878,0.000773235,0.000598916
357,0.0441795,0.0090952,0.00240182,0.908492,0.00424946,0.00769228,0.0210201,0.00154446,0.0013253
358,0.0917962,0.00340644,0.00401789,0.871223,0.0135059,0.00768739,0.00573615,0.00146813,0.00115883
359,0.983036,0.00263757,0.000553086,0.00486154,0.000731795,0.00178728,0.00578185,0.000347009,0.00026353
360,0.0183807,0.00509211,0.00209742,0.0140144,0.895664,0.0103495,0.0536081,0.00040013,0.000393421
361,0.0406256,0.00301706,0.011459,0.0107358,0.891404,0.0392246,0.00225373,0.000643807,0.000636662
362,0.00411152,0.0400849,0.00214806,0.00637373,0.00522948,0.0209678,0.9198,0.000546786,0.00073771
363,0.00200585,0.961732,0.0010469,0.0027081,0.00883634,0.00590445,0.0169902,0.000405756,0.000370339
364,0.869723,0.0185873,0.0135877,0.0344649,0.0140206,0.0160749,0.0315485,0.00108628,0.000907278
365,0.0240738,0.00476027,0.00120792,0.955246,0.00398477,0.00238735,0.00710292,0.000523204,0.000714092
366,0.00351437,0.000485711,0.00034688,0.00742135,0.00225732,0.9851,0.000521071,0.000171842,0.000181265
367,0.010043,0.0574144,0.00477083,0.0197481,0.728867,0.0145848,0.160373,0.00188573,0.00231321
368,0.0202948,0.00882451,0.00370129,0.0164689,0.0117278,0.00666169,0.927972,0.00237486,0.00197441
369,0.00127324,0.00356999,0.0566971,0.00096437,0.793861,0.00138583,0.141425,0.000325892,0.000497487
370,0.816816,0.00197797,0.00468893,0.0237381,0.126541,0.0218969,0.00208701,0.00103776,0.0012163
371,0.102744,0.0190408,0.00124315,0.840919,0.00252444,0.0106889,0.0201565,0.00141738,0.00126646
372,0.00901754,0.00547157,0.00205465,0.0245948,0.010464,0.00443652,0.943165,0.000358437,0.000437883
373,0.00724227,0.000465858,0.00037784,0.00708039,0.0024209,0.981564,0.000464893,0.000176682,0.000207186
374,0.827999,0.0040016,0.0113957,0.119841,0.00813691,0.0109588,0.0149006,0.00110338,0.00166329
375,0.00287065,0.196713,0.00119083,0.00322766,0.00264293,0.00348035,0.788782,0.00069972,0.000393167
376,0.00398715,0.0190823,0.00353725,0.853845,0.00553891,0.00111523,0.112212,0.000418816,0.000263733
377,0.632312,0.00377543,0.00209742,0.33126,0.00881459,0.00271616,0.0176101,0.000739746,0.000674444
378,0.0705961,0.111488,0.00196998,0.043337,0.69386,0.0283728,0.0479102,0.0013868,0.0010791
379,0.00558986,0.000438054,0.00038865,0.00732696,0.00318774,0.982377,0.000376123,0.000139424,0.000176223
380,0.946627,0.00834565,0.000752802,0.0354481,0.000655607,0.00361231,0.00273791,0.000970178,0.000850247
381,0.00392802,0.0123451,0.00198016,0.86896,0.00365626,0.00166672,0.106816,0.000411464,0.000236492
382,0.00362034,0.678003,0.00093472,0.00764075,0.00160395,0.00671672,0.300212,0.00074133,0.000527104
383,0.0108052,0.0124362,0.00131383,0.0105417,0.00886663,0.00371057,0.95131,0.000540307,0.000475642
384,0.00659209,0.00623764,0.000873241,0.02319,0.00554227,0.939098,0.01736,0.000508924,0.000597484
385,0.0172627,0.0743602,0.00110862,0.0042387,0.00159789,0.00371518,0.896182,0.000959529,0.000574971
386,0.101803,0.0169925,0.180156,0.427857,0.128559,0.00559314,0.135695,0.00170714,0.00163811
387,0.0164611,0.0434145,0.00166733,0.00342591,0.82183,0.00505386,0.10696,0.0006347,0.000552227
388,0.00319043,0.0381324,0.00312334,0.0205726,0.0021156,0.842806,0.0886663,0.000622671,0.000770807
389,0.855202,0.0276331,0.00512032,0.0577429,0.0169573,0.016888,0.0157361,0.00225571,0.00246463
390,0.00366065,0.00649654,0.00053975,0.0179972,0.00407692,0.952793,0.0135705,0.000397832,0.000467061
391,0.00264205,0.0100828,0.000489043,0.00575777,0.00119398,0.0018822,0.976802,0.000705261,0.000444935
392,0.0092385,0.0132105,0.100091,0.0111678,0.0082814,0.00774148,0.848265,0.00101227,0.000991894
393,0.00348265,0.00948857,0.00332893,0.0140797,0.0129475,0.891858,0.0635569,0.00066205,0.000596193
394,0.0195701,0.000804699,0.0274617,0.925614,0.00677353,0.0176011,0.00124402,0.000499326,0.000431516
395,0.00750702,0.164622,0.00694268,0.0137022,0.166845,0.00459449,0.63279,0.00157809,0.00141841
396,0.899604,0.00788551,0.00160177,0.0604915,0.00796283,0.00366384,0.0168929,0.00128805,0.000609962
397,0.983881,0.00550492,0.000536962,0.00472423,0.000663988,0.00130402,0.00185159,0.000823857,0.0007089
398,0.00328411,0.0108217,0.0004908,0.00482633,0.00141899,0.00273107,0.975337,0.000672763,0.000417329
399,0.0227816,0.00183067,0.00129359,0.962468,0.00367162,0.00193858,0.00468614,0.000549774,0.000780281
400,0.00241201,0.0244726,0.000709449,0.00391303,0.0039721,0.00438047,0.070851,0.887582,0.00170731
401,0.00876511,0.0545971,0.00233403,0.00806365,0.00654346,0.00183823,0.915821,0.000976983,0.0010602
