ID,class1,class2,class3,class4,class5,class6,class7,class8,class9
0,0.186585714917,0.132068444467,0.0249954976341,0.218016756267,0.0670091844168,0.0854678096766,0.270871195142,0.00714450412773,0.00784089335226
1,0.186585714917,0.132068444467,0.0249954976341,0.218016756267,0.0670091844168,0.0854678096766,0.270871195142,0.00714450412773,0.00784089335226
2,0.148710828639,0.137841519178,0.0315430508546,0.279389193046,0.0801774031296,0.110802368189,0.19643899874,0.00590156365393,0.00919507457035
3,0.186585714917,0.132068444467,0.0249954976341,0.218016756267,0.0670091844168,0.0854678096766,0.270871195142,0.00714450412773,0.00784089335226
4,0.182903891565,0.138138038447,0.0258768206606,0.189447497465,0.0692982534529,0.0881300963969,0.29073250595,0.00742432761393,0.0080485684484
5,0.233135272955,0.119316119254,0.0298896668631,0.331239426176,0.0836377331413,0.105557222177,0.081099986057,0.00729360956552,0.00883096381157
6,0.186585714917,0.132068444467,0.0249954976341,0.218016756267,0.0670091844168,0.0854678096766,0.270871195142,0.00714450412773,0.00784089335226
7,0.186318263932,0.131487350456,0.0248365820206,0.219524373337,0.0666473655199,0.0850557543245,0.271221459143,0.00712280577538,0.00778604549159
8,0.0132661629131,0.146270386095,0.0215916997141,0.00618070829079,0.0330039082169,0.078954957101,0.691715103211,0.00168031873686,0.00733675572058
9,0.206686873496,0.126858196265,0.0275732052858,0.308703956167,0.0725197038379,0.0913850577413,0.150242187196,0.00726858380499,0.00876223620553
10,0.184524771268,0.132309039283,0.0249798132448,0.217004265747,0.0670122729105,0.0851760500718,0.274244989456,0.00713456015293,0.00761423786579
11,8.01129810573e-07,0.118239463789,0.0250986650594,8.92187057689e-08,0.0384621848438,0.00549989601773,0.808095572995,0.000112110252117,0.00449121669469
12,0.187225007622,0.132207943962,0.0251414609402,0.218419861724,0.0674079955274,0.0859345095392,0.268618710812,0.00716119716159,0.007883312712
13,0.251447298107,0.0641264389381,0.0413453463491,0.370978032597,0.116338234772,0.137534444265,0.00222729470253,0.00528357089207,0.010719339378
14,0.03772118734,0.103247619394,0.0193097933241,0.182500672902,0.0394946690721,0.0480182168867,0.558493173664,0.00394489887537,0.00726976854159
15,0.198223518479,0.148682789098,0.028746787164,0.180069853113,0.0765473026501,0.0956394521104,0.255106417322,0.0080954861766,0.00888839388628
16,0.186585714917,0.132068444467,0.0249954976341,0.218016756267,0.0670091844168,0.0854678096766,0.270871195142,0.00714450412773,0.00784089335226
17,0.186555840077,0.131988619565,0.0249732563419,0.21821076678,0.0669640654381,0.0854079026377,0.270925304536,0.00714233623568,0.0078319083887
18,0.221731061451,0.125777916293,0.029197521156,0.324409541443,0.0770053758411,0.0885148497809,0.117082828327,0.00715423508838,0.00912667061987
19,0.186582047064,0.13206042256,0.0249933053869,0.218037594186,0.0670041878282,0.0854621288904,0.270875971964,0.00714420463061,0.00784013749077
20,0.176789814784,0.161452629069,0.0303095895987,0.0107183520828,0.0795772394593,0.0968708001397,0.427328533538,0.00851756934697,0.00843547198171
21,0.183751341735,0.136797409316,0.0258338936822,0.196839248676,0.0691402291027,0.0882693337254,0.28406031999,0.00723053629529,0.00807768747756
22,0.153403109681,0.146153040047,0.0273712901921,0.157833686294,0.0746815355071,0.0901467251952,0.336837762182,0.00686661398521,0.00670623691626
23,0.186565070342,0.132022927492,0.0249830581573,0.21813649656,0.0669808606924,0.0854355929479,0.270896580111,0.00714280430699,0.00783660939095
24,0.182957442815,0.134597352257,0.0250530388836,0.208181107043,0.0678947940872,0.0869805503594,0.279343004455,0.00729270971637,0.00770000038326
25,0.15625004803,0.13828722646,0.028391664926,0.125435003868,0.0709966154252,0.0875218621712,0.37787009532,0.00712733881833,0.00812014498071
26,0.120749407114,0.142197616021,0.0298150596805,0.00157462853423,0.085477137542,0.0912036611363,0.513594152597,0.00765112214111,0.00773721523382
27,0.246582659976,0.10854181033,0.0338657643605,0.314455124741,0.0940774867395,0.11489536773,0.0703130879873,0.00731563438971,0.00995306374667
28,0.231611490005,0.126939889042,0.0314712984285,0.299241145311,0.0865144483235,0.108723874846,0.0984813477955,0.00757076837267,0.00944573787605
29,0.151738236226,0.161154081709,0.0334780895666,0.0766894009192,0.0841836165749,0.0904697106737,0.385402458668,0.00721809625555,0.00966630940705
30,0.190363822399,0.148685903091,0.0290606016695,0.154611776598,0.0782365644659,0.0954494766872,0.286108702721,0.00810094860787,0.00938220375997
31,0.140844782208,0.14192826732,0.0281956102131,0.0929394734542,0.0680013086008,0.0819329520297,0.431247822669,0.00675309370587,0.0081566897989
32,0.187738728688,0.132079680701,0.0251920141022,0.219752014812,0.067540248862,0.0861020787548,0.26654339781,0.00716113135446,0.00789070491602
33,0.0956512400594,0.181062985016,0.0311626185664,0.00316420415257,0.0912660275044,0.119825899234,0.460622576911,0.009742966668,0.00750148188841
34,0.186585714917,0.132068444467,0.0249954976341,0.218016756267,0.0670091844168,0.0854678096766,0.270871195142,0.00714450412773,0.00784089335226
35,0.186091390593,0.133079152852,0.0250881866072,0.210515167318,0.0672096153267,0.0857637182466,0.27721148246,0.0071730062933,0.00786828030245
36,0.188317291799,0.132092108067,0.0252353730256,0.221730157754,0.0676957865147,0.086317279507,0.263552729,0.00716640308123,0.0078928712502
37,0.227014081692,0.120005107175,0.0304590792463,0.288851982512,0.0835074202129,0.1038056693,0.129812346858,0.0073942385111,0.00915007449263
38,0.226546233987,0.0140047433319,0.0403279518577,0.451097184372,0.124705053255,0.132385547032,6.4527745472e-06,0.00235521650391,0.00857161688537
39,0.259742077108,0.0804682534862,0.0353221581187,0.371832913016,0.101835830043,0.121825427368,0.0126602166298,0.00631000226752,0.0100031219621
40,0.197150043773,0.135284104334,0.0264516362564,0.232698148291,0.0713100242599,0.0909438803701,0.230517223883,0.00738254002617,0.00826239880617
41,0.231611490005,0.126939889042,0.0314712984285,0.299241145311,0.0865144483235,0.108723874846,0.0984813477955,0.00757076837267,0.00944573787605
42,0.186585714917,0.132068444467,0.0249954976341,0.218016756267,0.0670091844168,0.0854678096766,0.270871195142,0.00714450412773,0.00784089335226
43,0.18532152318,0.131831377278,0.0249168129828,0.214522191421,0.0665970773005,0.0849544094641,0.276932673052,0.00709639192517,0.00782754339702
44,0.18082523543,0.133699843981,0.0252001141345,0.212553178222,0.0675857912062,0.0852348944865,0.280492921516,0.00714774019253,0.00726028083142
45,0.186566129676,0.132025627057,0.0249837958887,0.218127971651,0.0669825153885,0.0854374857001,0.270896710638,0.00714290552575,0.00783685847534
46,0.140844782208,0.14192826732,0.0281956102131,0.0929394734542,0.0680013086008,0.0819329520297,0.431247822669,0.00675309370587,0.0081566897989
47,0.141498344833,0.127183747268,0.0108079725417,0.00098744031446,0.0482299713764,0.0878354864081,0.573836546832,0.000545276938208,0.0090752134876
48,0.14829377377,0.178605744343,0.0364492381785,0.236523266355,0.0984248565038,0.111441480439,0.174344266245,0.00801683846425,0.00790053570141
49,0.186585714917,0.132068444467,0.0249954976341,0.218016756267,0.0670091844168,0.0854678096766,0.270871195142,0.00714450412773,0.00784089335226
50,0.189348014754,0.142001049944,0.0286670049747,0.305173811479,0.075605446643,0.0940740462392,0.148443235013,0.00775281615906,0.00893457479488
51,0.0282150634978,0.121515023464,0.00561363025598,4.75405861194e-05,0.0432884116715,0.0574593094826,0.742571924423,8.42270163957e-06,0.00128067391798
52,0.10062927272,0.143895882206,0.0190987230084,0.141519993707,0.0721030783081,0.065148672814,0.455072619007,0.000292084948746,0.00223967328153
53,0.176709773995,0.136403338333,0.0257035180652,0.201324662038,0.0694257985351,0.087037589509,0.288871940204,0.00708340902385,0.00743997029695
54,0.231611490005,0.126939889042,0.0314712984285,0.299241145311,0.0865144483235,0.108723874846,0.0984813477955,0.00757076837267,0.00944573787605
55,0.0879905373591,0.162481163396,0.02831022335,0.02002674705,0.0627776345688,0.0947593903544,0.529338362956,0.00521282261536,0.00910311835067
56,0.155612375198,0.169384359591,0.0313234452657,0.073394429818,0.0857472855635,0.0965891785871,0.37020280397,0.0078069033109,0.00993921869563
57,0.181535822173,0.144110784477,0.0273193736127,0.142621969997,0.0722752198335,0.0920206276539,0.324372020984,0.00748241936676,0.00826176190267
58,0.1168291568,0.113205401678,0.0295761910064,0.563746420366,0.0742069495142,0.0821107136455,0.00495984375849,0.00656105214948,0.00880427108248
59,0.185886123902,0.129830605737,0.0243780595428,0.223186903144,0.0657407569317,0.0837747914212,0.272527733612,0.00707573018361,0.00759929552643
60,0.193154967481,0.140645000002,0.0269541068967,0.152139077713,0.0728994377531,0.0915232475923,0.306609151814,0.00771402690685,0.00836098384053
61,0.151738236226,0.161154081709,0.0334780895666,0.0766894009192,0.0841836165749,0.0904697106737,0.385402458668,0.00721809625555,0.00966630940705
62,0.00362198568552,0.0721870527135,0.0134914249924,0.153553949581,0.01814530592,0.0203327354566,0.710439934815,0.00179942716002,0.00642818367567
63,0.186817773534,0.132074402454,0.0250356266634,0.21835501589,0.067117255436,0.0855968099594,0.270003991911,0.00714796823689,0.00785115591469
64,0.186639052995,0.133117536287,0.0251145002524,0.214798057226,0.0672887217757,0.085853021155,0.272101301855,0.00715981776346,0.00792799068982
65,0.11402651472,0.150235235429,0.0270753275482,0.152694247248,0.0727257120454,0.0818840972044,0.391276630687,0.00674702496553,0.0033352101535
66,0.0956512400594,0.181062985016,0.0311626185664,0.00316420415257,0.0912660275044,0.119825899234,0.460622576911,0.009742966668,0.00750148188841
67,0.186585714917,0.132068444467,0.0249954976341,0.218016756267,0.0670091844168,0.0854678096766,0.270871195142,0.00714450412773,0.00784089335226
68,0.186566129676,0.132025627057,0.0249837958887,0.218127971651,0.0669825153885,0.0854374857001,0.270896710638,0.00714290552575,0.00783685847534
69,0.13438649479,0.154581203041,0.028646875864,0.125913638474,0.0802993398208,0.0924765279539,0.37115933874,0.00674681505539,0.00578976626001
70,0.194104496289,0.106120807042,0.0151563773727,0.320275197339,0.0416294800604,0.0683849584755,0.24279956019,0.00564742260408,0.00588170062726
71,0.230720621119,0.0467422487605,0.0456816378283,0.394899162856,0.124470852523,0.14199423445,0.000687893429804,0.00425342778755,0.0105499212461
72,0.186585714917,0.132068444467,0.0249954976341,0.218016756267,0.0670091844168,0.0854678096766,0.270871195142,0.00714450412773,0.00784089335226
73,0.107269216722,0.16401408792,0.0305304180125,0.0916583898853,0.0861421654732,0.0953997096313,0.413611914867,0.00628479040211,0.00508930708612
74,0.17795203349,0.144693924059,0.0271026770431,0.156458593067,0.0725647817281,0.0893070032252,0.315990824046,0.00737841990704,0.00855174343398
75,0.167266781705,0.125846392349,0.0226110204018,0.174396941451,0.0597409107182,0.0799160252134,0.356485142783,0.00642354201816,0.0073132433595
76,0.186153208025,0.132351288298,0.0249777844807,0.214083216854,0.0669608065443,0.0854472161342,0.27504933417,0.00715300004718,0.0078241454466
77,0.0466133042591,0.162668289961,0.0149121842931,0.0108944261917,0.0842956170531,0.0690449782775,0.610493364875,7.09382516234e-05,0.00100689683828
78,0.188317291799,0.132092108067,0.0252353730256,0.221730157754,0.0676957865147,0.086317279507,0.263552729,0.00716640308123,0.0078928712502
79,0.186620922409,0.132032745264,0.0249850152902,0.218284745566,0.0669783747717,0.0854437926273,0.270673377083,0.00714280333284,0.00783822365543
80,0.282252843474,0.109092427168,0.0349742266568,0.428486449499,0.0414136059184,0.084729183105,4.67478683397e-05,0.00295449490225,0.0160500214083
81,0.186424849829,0.131807023299,0.0249217612684,0.218558066681,0.0668408190328,0.0852719726559,0.271226901891,0.00713382632431,0.00781477901911
82,0.186585714917,0.132068444467,0.0249954976341,0.218016756267,0.0670091844168,0.0854678096766,0.270871195142,0.00714450412773,0.00784089335226
83,0.193490332397,0.141377999786,0.0279796251495,0.195941282929,0.0740472381874,0.0926917098033,0.25241498466,0.00804993666236,0.0140068904259
84,0.186585714917,0.132068444467,0.0249954976341,0.218016756267,0.0670091844168,0.0854678096766,0.270871195142,0.00714450412773,0.00784089335226
85,0.186248913311,0.13184550703,0.0248475441111,0.218320462037,0.0666887963494,0.0851189769577,0.271994719312,0.00712507445181,0.00781000644035
86,0.186585714917,0.132068444467,0.0249954976341,0.218016756267,0.0670091844168,0.0854678096766,0.270871195142,0.00714450412773,0.00784089335226
87,0.110179279258,0.135702418201,0.0283908385772,0.000591027990774,0.0828129508328,0.0860209421403,0.541714445926,0.00748915680333,0.00709894027041
88,0.186585714917,0.132068444467,0.0249954976341,0.218016756267,0.0670091844168,0.0854678096766,0.270871195142,0.00714450412773,0.00784089335226
89,0.171074706399,0.155146615147,0.028278400103,0.144466043684,0.0783802753371,0.101071678015,0.305233149884,0.00821131195071,0.00813781948099
90,0.169124727082,0.143667829827,0.0267300051492,0.158856560699,0.0720065865256,0.0877047283128,0.327069636014,0.00720403529331,0.00763589109712
91,0.125242726728,0.118095253953,0.0300454622577,0.542998323514,0.0756507111792,0.0848796153345,0.00728914578287,0.00677797973974,0.00902078151027
92,0.127570925454,0.167665060962,0.0300296035705,0.00385013040003,0.0779489190029,0.100514825776,0.477078807393,0.00721919977246,0.00812252766879
93,0.186585714917,0.132068444467,0.0249954976341,0.218016756267,0.0670091844168,0.0854678096766,0.270871195142,0.00714450412773,0.00784089335226
94,0.186585714917,0.132068444467,0.0249954976341,0.218016756267,0.0670091844168,0.0854678096766,0.270871195142,0.00714450412773,0.00784089335226
95,0.186578962602,0.132053687886,0.0249914634457,0.218055063974,0.0669999926847,0.0854573560487,0.270880018123,0.00714395322885,0.00783950200712
96,0.261706931054,0.198611796768,0.0401849973331,0.150155015535,0.0960331184249,0.120034296932,0.112323922952,0.00937495090485,0.0115749700957
97,0.236703388282,0.132337200784,0.0309195060465,0.314967974673,0.0865786557124,0.110328543681,0.0711245084543,0.00771070318505,0.00932951918167
98,0.18675974734,0.13207502053,0.0250030778187,0.219460914565,0.0670323662575,0.0854935137026,0.269175252721,0.00713979276297,0.00786031430162
99,0.155612375198,0.169384359591,0.0313234452657,0.073394429818,0.0857472855635,0.0965891785871,0.37020280397,0.0078069033109,0.00993921869563
100,0.0358391969898,0.125461009204,0.00644315750984,9.42666681642e-05,0.0429100493223,0.0559921774479,0.731784207218,1.01216275118e-05,0.00146581401284
101,0.18573838997,0.132403871631,0.0248155103553,0.217962517343,0.0671397975243,0.0857124748863,0.271327228887,0.00713435642474,0.00776585297874
102,0.205653595152,0.130638302372,0.0271875165997,0.270505873318,0.0723924081055,0.0879176944863,0.18995262817,0.0072437505277,0.00850823126861
103,0.0717623942001,0.172236649798,0.0316433583586,0.0530321507121,0.0916428094183,0.094127841332,0.476283022455,0.00546133369865,0.00381044002772
104,0.186585714917,0.132068444467,0.0249954976341,0.218016756267,0.0670091844168,0.0854678096766,0.270871195142,0.00714450412773,0.00784089335226
105,0.141745420411,0.154386443121,0.0289944998879,0.0826953881738,0.0490069047389,0.0626720902826,0.466455065476,0.00495349867174,0.00909068923711
106,0.258580135088,0.151520778564,0.0331513800705,0.346657170602,0.0766911789341,0.0979563040964,0.0180777835618,0.00755847815044,0.00980679093273
107,0.18675974734,0.13207502053,0.0250030778187,0.219460914565,0.0670323662575,0.0854935137026,0.269175252721,0.00713979276297,0.00786031430162
108,0.186585714917,0.132068444467,0.0249954976341,0.218016756267,0.0670091844168,0.0854678096766,0.270871195142,0.00714450412773,0.00784089335226
109,0.148710828639,0.137841519178,0.0315430508546,0.279389193046,0.0801774031296,0.110802368189,0.19643899874,0.00590156365393,0.00919507457035
110,0.186585714917,0.132068444467,0.0249954976341,0.218016756267,0.0670091844168,0.0854678096766,0.270871195142,0.00714450412773,0.00784089335226
111,0.2006919491,0.129710695474,0.0292136972239,0.251552779525,0.0771858977699,0.0968258310579,0.198916239385,0.007206493108,0.0086964173555
112,0.186153208025,0.132351288298,0.0249777844807,0.214083216854,0.0669608065443,0.0854472161342,0.27504933417,0.00715300004718,0.0078241454466
113,0.190151105334,0.132221402442,0.0251301027917,0.252170077631,0.0674289726928,0.0859311736742,0.231623980266,0.00701313762058,0.00833004754648
114,0.186585714917,0.132068444467,0.0249954976341,0.218016756267,0.0670091844168,0.0854678096766,0.270871195142,0.00714450412773,0.00784089335226
115,0.183955971213,0.131065230503,0.0247000353859,0.213678295563,0.0658730147252,0.0840822978519,0.281838925102,0.00702253298469,0.00778369667077
116,0.186585714917,0.132068444467,0.0249954976341,0.218016756267,0.0670091844168,0.0854678096766,0.270871195142,0.00714450412773,0.00784089335226
117,0.194880700822,0.137827576755,0.0283732859093,0.23431202824,0.0765703279381,0.0920991047476,0.216329464473,0.00817818969721,0.0114293214176
118,0.185916851664,0.133104812983,0.0251524447459,0.212851779641,0.0674044914177,0.0859135426887,0.274588460364,0.00719132576911,0.00787629072575
119,0.186541057753,0.131972357839,0.024969225313,0.218261538181,0.0669492312049,0.0853995383997,0.270934325565,0.00714088883433,0.00783183690915
120,0.144105019679,0.127107827557,0.0304587320678,0.498052638288,0.0778198450459,0.0894498508579,0.0165342463684,0.00722990314059,0.00924193699522
121,0.186585714917,0.132068444467,0.0249954976341,0.218016756267,0.0670091844168,0.0854678096766,0.270871195142,0.00714450412773,0.00784089335226
122,0.000190786439985,0.107040575154,0.0248764924241,9.37210774788e-08,0.068288573472,0.035624047353,0.755956304639,0.00105736756213,0.00696575923535
123,0.186483005059,0.131849519583,0.0249349282174,0.218588194283,0.0668727704155,0.0853110895904,0.271004289935,0.00713639000872,0.00781981290755
124,0.184229076669,0.13159554542,0.0248448271028,0.21247207807,0.0662074664588,0.0844657285308,0.281308398928,0.0070436488166,0.00783323000378
125,0.186585714917,0.132068444467,0.0249954976341,0.218016756267,0.0670091844168,0.0854678096766,0.270871195142,0.00714450412773,0.00784089335226
126,0.186318263932,0.131487350456,0.0248365820206,0.219524373337,0.0666473655199,0.0850557543245,0.271221459143,0.00712280577538,0.00778604549159
127,0.184690355554,0.132673789162,0.0250803293915,0.216054389941,0.0672391729742,0.0854352320252,0.274030508331,0.00714803238589,0.00764819023518
128,0.192063243069,0.144470618868,0.0277914868807,0.107053752005,0.0754094293017,0.0939698899823,0.342710263088,0.00798265677978,0.00854866002595
129,0.186571254334,0.132043903107,0.0249886095432,0.21805898263,0.0669930377823,0.0854493925621,0.270912758755,0.00714349142457,0.00783856986138
130,0.186585714917,0.132068444467,0.0249954976341,0.218016756267,0.0670091844168,0.0854678096766,0.270871195142,0.00714450412773,0.00784089335226
131,0.0544874966439,0.116992371766,0.0309314787624,0.011022212643,0.0626201219978,0.0681025884133,0.644237558246,0.00491350775591,0.00669266377171
132,0.0748468865523,0.144605050752,0.0361715542427,1.22695715006e-07,0.0938315560559,0.0123236666052,0.599895877903,0.00957605860439,0.0287492265895
133,0.251447298107,0.0641264389381,0.0413453463491,0.370978032597,0.116338234772,0.137534444265,0.00222729470253,0.00528357089207,0.010719339378
134,0.00159877232892,0.223501756254,0.0396707430123,1.50503389248e-07,0.0543883006062,0.0258516498496,0.642805113452,0.00292621929622,0.00925729469742
135,0.279160071814,0.203321588982,0.0424450444698,0.156942393118,0.0974283150207,0.127488120176,0.0733966949461,0.00862906359648,0.0111887078778
136,0.1655431157,0.138210238124,0.0263842775221,0.197515740226,0.0704687767753,0.0852954283382,0.301526275755,0.00687867130434,0.00817747625502
137,0.00852439828808,0.16390470553,0.0315962846428,0.0208558582223,0.0835982924988,0.0747650125713,0.6050380107,0.00284347807068,0.00887395947644
138,0.184357382823,0.127330228591,0.0236772362439,0.230022559548,0.0640602540409,0.0820261718022,0.274180209614,0.00696802869231,0.00737792864411
139,0.221731061451,0.125777916293,0.029197521156,0.324409541443,0.0770053758411,0.0885148497809,0.117082828327,0.00715423508838,0.00912667061987
140,0.186052057778,0.133129544305,0.0251577397206,0.213114499214,0.0674269704059,0.0859552059285,0.274089308439,0.00719328062987,0.00788139357934
141,0.183955971213,0.131065230503,0.0247000353859,0.213678295563,0.0658730147252,0.0840822978519,0.281838925102,0.00702253298469,0.00778369667077
142,0.00334148467998,0.0718226846235,0.0133837675416,0.149271235281,0.0176891927164,0.0197724363142,0.7165119818,0.00175150934422,0.00645570769911
143,0.163544977995,0.138130959399,0.0255952541839,0.184903330265,0.0686054694754,0.0843336660228,0.321835251203,0.00709015739002,0.00596093406536
144,0.186758514304,0.132072337542,0.0250023446163,0.219467882347,0.0670306950264,0.0854916131234,0.269176859507,0.00713969259458,0.00786006093977
145,0.0553576346629,0.0742100633815,0.0263055520468,0.709763740989,0.0619873694291,0.0602055731283,6.94908813307e-05,0.00460559479954,0.00749498068186
146,0.186585714917,0.132068444467,0.0249954976341,0.218016756267,0.0670091844168,0.0854678096766,0.270871195142,0.00714450412773,0.00784089335226
147,0.186585714917,0.132068444467,0.0249954976341,0.218016756267,0.0670091844168,0.0854678096766,0.270871195142,0.00714450412773,0.00784089335226
148,0.176709773995,0.136403338333,0.0257035180652,0.201324662038,0.0694257985351,0.087037589509,0.288871940204,0.00708340902385,0.00743997029695
149,0.186574705298,0.132044369949,0.0249889183603,0.218079290732,0.0669941893178,0.0854507604558,0.270885535753,0.0071436053032,0.00783862482973
150,0.186585714917,0.132068444467,0.0249954976341,0.218016756267,0.0670091844168,0.0854678096766,0.270871195142,0.00714450412773,0.00784089335226
151,0.217733255527,0.171883390967,0.03320982039,0.123487458388,0.0834618961673,0.102839881837,0.249339514711,0.0084077393499,0.00963704266243
152,0.185825044785,0.130333224489,0.0245098676462,0.222766758408,0.0659320705321,0.0842083841524,0.271674772879,0.00708112870222,0.00766874840622
153,0.197106840118,0.152387313291,0.0318083930439,0.156481322672,0.0822821054432,0.100553764801,0.239979856745,0.00922312828547,0.0301772756009
154,0.277949679765,0.147141450402,0.0359991447131,0.344611353003,0.0612884062738,0.110492457182,0.00442133529591,0.00500034600239,0.0130958273623
155,9.94594133518e-06,0.217024702151,0.0346139495908,1.4030748839e-07,0.0245062310483,0.0055525009167,0.711091391011,0.000871804140255,0.0063293348933
156,0.18532152318,0.131831377278,0.0249168129828,0.214522191421,0.0665970773005,0.0849544094641,0.276932673052,0.00709639192517,0.00782754339702
157,0.0541585749771,0.169729474689,0.0365831992235,0.00193039449333,0.0919664552077,0.0839625319409,0.545633212249,0.00566051458739,0.010375642632
158,0.240379911587,0.115684612714,0.0301823680389,0.367013602242,0.0865975074673,0.110309733607,0.0339501012155,0.00710071805796,0.00878144507088
159,0.186318890048,0.13148894572,0.0248369837285,0.219519673689,0.0666483498773,0.0850568036254,0.271221311756,0.00712286641918,0.00778617513616
160,0.184605280528,0.132796642035,0.0249946794332,0.20566396675,0.0667545835563,0.0851991851642,0.285024941974,0.00712742210198,0.00783329845706
161,0.0236315588898,0.154077838206,0.0236976915967,5.61859610406e-05,0.0559431769062,0.0878566127143,0.646181532427,0.00296957408502,0.00558582921443
162,0.181996911167,0.128721314533,0.0240017491049,0.227222550957,0.0643941626254,0.0829282485956,0.276280087386,0.00693475452488,0.00752022110465
163,0.186585714917,0.132068444467,0.0249954976341,0.218016756267,0.0670091844168,0.0854678096766,0.270871195142,0.00714450412773,0.00784089335226
164,0.0814297331475,0.196350355204,0.0266830314324,0.0397097977695,0.0955412289846,0.104698091607,0.450385017013,0.00154823061428,0.00365451422902
165,0.296629076216,0.0832660300127,0.0114096553212,0.45438357266,0.0986839353534,0.0525021656071,0.000367801043985,0.00275761732415,1.46461184812e-07
166,0.116932783313,0.113929543006,0.029723610185,0.56218437457,0.0743517928102,0.0822793497891,0.00516753518626,0.00657002797337,0.00886098316602
167,0.202877976418,0.128171015918,0.026714903438,0.29033041509,0.0710829187262,0.0899672982053,0.175134895451,0.0072899566165,0.00843062013694
168,0.186565070342,0.132022927492,0.0249830581573,0.21813649656,0.0669808606924,0.0854355929479,0.270896580111,0.00714280430699,0.00783660939095
169,0.0985935604395,0.167726406695,0.0214811337212,0.0514553587828,0.0859840101534,0.0851245432653,0.485979569099,0.000698198651309,0.0029572191923
170,0.148710828639,0.137841519178,0.0315430508546,0.279389193046,0.0801774031296,0.110802368189,0.19643899874,0.00590156365393,0.00919507457035
171,0.186580823998,0.13205774794,0.0249925744504,0.218044541692,0.0670025219039,0.085460234787,0.270877564989,0.00714410477357,0.00783988546749
172,0.104043801909,0.150960768835,0.0188470341963,0.0774397169312,0.0762400784354,0.0648234546443,0.505388351673,0.000229608118019,0.00202718525739
173,0.0949615206265,0.0837650048959,0.0194457557347,0.00130726084075,0.0199459291729,0.0589503691784,0.710769129083,0.0047646705744,0.00609035989348
174,0.00549487432015,0.145038337987,0.0175063705706,1.06114987461e-07,0.0426989470116,0.0798025068978,0.704061005444,0.00151655428774,0.00388129736606
175,0.186516296174,0.131916870705,0.0249540679199,0.21841036764,0.0669147822094,0.0853604356802,0.270961729575,0.00713884488189,0.00782660521478
176,0.186555822581,0.132159968819,0.0250166974446,0.217567830412,0.0670692904244,0.0855139811071,0.271121721469,0.00714727730788,0.00784741043442
177,0.132005791611,0.143396690408,0.0291240218388,0.0952315480622,0.0691640276212,0.0819354634777,0.434390993972,0.00662248537711,0.00812897763089
178,0.22284061499,0.148276302256,0.0297082454852,0.263550998535,0.0714115097495,0.0989202763654,0.147980673005,0.00724824643546,0.0100631331782
179,0.0140180401072,0.146390322696,0.0216767500911,0.00647569214823,0.0331344107756,0.0801976285796,0.688403639808,0.00170387772225,0.00799963807245
180,0.160294336788,0.156600470287,0.028084804144,0.0994742133493,0.0750249400681,0.0943292136312,0.369549923947,0.00823135756154,0.00841074022443
181,0.186585970482,0.132059110677,0.0249930069029,0.218054095576,0.0670034929155,0.0854618588351,0.270858253621,0.00714422691596,0.00783998407436
182,0.186248514075,0.131398998439,0.0248098199568,0.219663005914,0.0665892425302,0.0849841586388,0.271411344921,0.00711902840849,0.00777588711722
183,0.259140024665,0.0563023622957,0.0368799651537,0.396362260649,0.108583952262,0.125528036994,0.00241197473415,0.005144396162,0.00964702708465
184,0.187268369365,0.13208461501,0.0250239142528,0.223817287937,0.0670968173997,0.085564114129,0.264101491687,0.00712513115798,0.00791825906211
185,0.18658021238,0.132056410507,0.024992208947,0.218048015732,0.0670016888676,0.08545928764,0.270878361642,0.00714405484042,0.00783975944282
186,0.186585103748,0.132067107686,0.0249951323181,0.218020228775,0.0670083517754,0.0854668630376,0.270871991044,0.00714445421924,0.00784076739704
187,0.186490663859,0.131864951844,0.0249389096727,0.218528248008,0.0668823095993,0.0853215783958,0.271015196909,0.00713689955954,0.00782124215163
188,0.0956512400594,0.181062985016,0.0311626185664,0.00316420415257,0.0912660275044,0.119825899234,0.460622576911,0.009742966668,0.00750148188841
189,0.182752909665,0.13131258021,0.0247515439948,0.207594259497,0.0657573320171,0.0839073037475,0.289127188618,0.00699869338934,0.00779818886049
190,0.18532152318,0.131831377278,0.0249168129828,0.214522191421,0.0665970773005,0.0849544094641,0.276932673052,0.00709639192517,0.00782754339702
191,0.160364679773,0.156126878049,0.0285219251603,0.0908201703817,0.0767996200918,0.0912106084497,0.379964883263,0.0075316102121,0.00865962461945
192,0.186485493305,0.131472809595,0.0248384137225,0.221060747744,0.0666580594634,0.0850668668052,0.269496824698,0.007117294267,0.00780349040007
193,0.186150653678,0.131128126137,0.0247381168709,0.220451924232,0.0664237795458,0.08480017868,0.271445853327,0.00710938840034,0.00775197912947
194,0.186585714917,0.132068444467,0.0249954976341,0.218016756267,0.0670091844168,0.0854678096766,0.270871195142,0.00714450412773,0.00784089335226
195,0.109019542636,0.163580853065,0.0304779732933,0.0938520718865,0.0858569135189,0.095418458692,0.410313623015,0.0063176581029,0.00516290579075
196,0.185999702375,0.130804063701,0.0246496237974,0.221294582554,0.0662222705109,0.0845702544851,0.271640796188,0.00709727331906,0.00772143306956
197,0.184589944499,0.126717748503,0.0235928453864,0.233433551085,0.0638622424086,0.081732662438,0.271770237239,0.00694996931783,0.00735079912323
198,0.186585714917,0.132068444467,0.0249954976341,0.218016756267,0.0670091844168,0.0854678096766,0.270871195142,0.00714450412773,0.00784089335226
199,0.186585714917,0.132068444467,0.0249954976341,0.218016756267,0.0670091844168,0.0854678096766,0.270871195142,0.00714450412773,0.00784089335226
200,0.132005791611,0.143396690408,0.0291240218388,0.0952315480622,0.0691640276212,0.0819354634777,0.434390993972,0.00662248537711,0.00812897763089
201,0.184219002401,0.133261588733,0.0250298983626,0.201294020976,0.066823309245,0.085308860562,0.289086431109,0.00714190224823,0.00783498636229
202,0.184972789996,0.132319832233,0.0249569755741,0.210073991735,0.0666791520929,0.0850810060509,0.280973187579,0.00711224907178,0.0078308156671
203,0.184589944499,0.126717748503,0.0235928453864,0.233433551085,0.0638622424086,0.081732662438,0.271770237239,0.00694996931783,0.00735079912323
204,0.232776292554,0.150609088563,0.030517618343,0.285125334962,0.0722497294738,0.10046561289,0.110689244495,0.00730781570937,0.01025926301
205,0.185500776703,0.13184153686,0.0249249342051,0.215960181996,0.0666217658743,0.0849821751062,0.27522960489,0.00709192571912,0.00784709864661
206,0.132165070213,0.146670530016,0.0202993693025,0.105060909661,0.0766084986973,0.075656179803,0.439476209079,0.000744246635163,0.00331898659296
207,0.00929174952135,0.131662045799,0.0158850623327,0.0282304689561,0.0479723165791,0.0438248494246,0.721159821915,0.00027263795794,0.00170104751425
208,0.184478780606,0.124796181988,0.0229941694463,0.233808599138,0.0633025145315,0.0793707759152,0.277386793077,0.00697621929689,0.00688596600159
209,0.207328049996,0.138993696845,0.0277812647743,0.240895989982,0.0732752851503,0.0958599552356,0.19933454853,0.00779877312529,0.00873243636044
210,0.186585714917,0.132068444467,0.0249954976341,0.218016756267,0.0670091844168,0.0854678096766,0.270871195142,0.00714450412773,0.00784089335226
211,0.186585714917,0.132068444467,0.0249954976341,0.218016756267,0.0670091844168,0.0854678096766,0.270871195142,0.00714450412773,0.00784089335226
212,0.0139542354864,0.166581820285,0.0295535527358,0.00504268657842,0.0943237507479,0.0741695372864,0.612490542584,0.00278250028967,0.00110137400663
213,0.186585714917,0.132068444467,0.0249954976341,0.218016756267,0.0670091844168,0.0854678096766,0.270871195142,0.00714450412773,0.00784089335226
214,0.185872513856,0.12758769452,0.0237504524477,0.228507348579,0.0647532042963,0.0816874008275,0.273553312257,0.00705215548921,0.00723591772731
215,0.0137215158345,0.133523987499,0.00571309884901,1.59804425581e-05,0.044930779795,0.060736982872,0.740403772562,7.27164295055e-06,0.000946610503193
216,0.191857662012,0.155543858564,0.0289619919141,0.10084220633,0.0757782468582,0.0971665422519,0.333108726203,0.0080034062794,0.00873735958759
217,0.00288322679261,0.0706688262326,0.0131612786927,0.146209055709,0.0169214090842,0.0188140782488,0.723245662837,0.00167856193679,0.00641790046584
218,0.265791295324,0.160129944485,0.0360032322578,0.289244316669,0.0649128362687,0.121601312524,0.0400872256902,0.00554095014814,0.0166888866331
219,0.186585714917,0.132068444467,0.0249954976341,0.218016756267,0.0670091844168,0.0854678096766,0.270871195142,0.00714450412773,0.00784089335226
220,0.186368357427,0.130664798302,0.0246035485122,0.221271048076,0.0663014951559,0.0842803505162,0.271745966242,0.0071154575143,0.00764897825486
221,0.221731061451,0.125777916293,0.029197521156,0.324409541443,0.0770053758411,0.0885148497809,0.117082828327,0.00715423508838,0.00912667061987
222,0.204289199736,0.156198363845,0.0303005312994,0.0823361877325,0.0809688959562,0.0857456769445,0.34124159308,0.00860898619211,0.0103105652153
223,0.193178963093,0.140059511683,0.0263040064078,0.159657496785,0.0705214133218,0.0894689914334,0.305127311645,0.00759699027648,0.00808531535453
224,0.186585714917,0.132068444467,0.0249954976341,0.218016756267,0.0670091844168,0.0854678096766,0.270871195142,0.00714450412773,0.00784089335226
225,0.179059976616,0.154334061578,0.0287963967286,0.0500822071847,0.0815557906484,0.0902281486072,0.399611072635,0.00858291900505,0.00774942699681
226,0.186585714917,0.132068444467,0.0249954976341,0.218016756267,0.0670091844168,0.0854678096766,0.270871195142,0.00714450412773,0.00784089335226
227,0.18621525276,0.132487359432,0.0250153411019,0.213753942786,0.0670459439997,0.0855437168186,0.274943339295,0.0071579364397,0.00783716736773
228,0.185486854072,0.121715881013,0.0225960133476,0.242286499883,0.0621300584467,0.0780158933189,0.274201902545,0.00681522006325,0.00675167731032
229,0.0574065612362,0.172102444634,0.0399477010608,0.00235176706311,0.0948010532477,0.0780414258728,0.539423510641,0.00544475750717,0.010480778737
230,0.193535845057,0.127985584845,0.0244673654307,0.249978450142,0.0667706414921,0.0855259428744,0.237086756368,0.00709402020551,0.00755539358376
231,0.193535845057,0.127985584845,0.0244673654307,0.249978450142,0.0667706414921,0.0855259428744,0.237086756368,0.00709402020551,0.00755539358376
232,0.155612375198,0.169384359591,0.0313234452657,0.073394429818,0.0857472855635,0.0965891785871,0.37020280397,0.0078069033109,0.00993921869563
233,0.0045397134375,0.124856908587,0.0112984056182,0.0103713223029,0.0439427341729,0.0293343660351,0.775116541157,1.83257913749e-05,0.00052168289816
234,0.0110434569057,0.154793998748,0.0197280462275,1.5156493232e-07,0.0563162160827,0.0880624075408,0.663673440692,0.00231694037736,0.00406534186114
235,0.246582659976,0.10854181033,0.0338657643605,0.314455124741,0.0940774867395,0.11489536773,0.0703130879873,0.00731563438971,0.00995306374667
236,0.00104235181075,0.161151378014,0.0275486070195,8.01125991645e-07,0.0509465421828,0.0262980914492,0.728616733187,0.00159069677383,0.00280479843653
237,0.00627731312578,0.214030005649,0.0397289418508,7.39608165376e-07,0.0655340309545,0.0356304744011,0.625214160874,0.00371378639234,0.00987054714405
238,0.185743726369,0.13026419766,0.0245013442978,0.222686524577,0.0658866119707,0.0841848622677,0.271985607693,0.00707712543588,0.00766999972874
239,0.291994401775,0.00376529646515,0.0374683251751,0.406469594622,0.131442147258,0.117521132897,2.70272336532e-05,0.00196754976603,0.00934452480733
240,0.186585714917,0.132068444467,0.0249954976341,0.218016756267,0.0670091844168,0.0854678096766,0.270871195142,0.00714450412773,0.00784089335226
241,0.166161531186,0.142838502605,0.0245532200377,0.165080317627,0.0724703523701,0.0880237514322,0.330207424761,0.00418042984637,0.00648447013408
242,0.166974843909,0.137021527881,0.0273768497135,0.153006864912,0.0700598533516,0.0873587362092,0.342951736061,0.00717683697847,0.00807275098442
243,0.166556613705,0.155055448671,0.0288750612822,0.119022378016,0.0778530343581,0.092592851723,0.343781185528,0.0074822329926,0.00878119372366
244,0.186585714917,0.132068444467,0.0249954976341,0.218016756267,0.0670091844168,0.0854678096766,0.270871195142,0.00714450412773,0.00784089335226
245,0.185091859996,0.131409034877,0.0247997780093,0.21551271729,0.0663314714125,0.084649139071,0.277338985308,0.00707991717988,0.00778709685663
246,0.198171100111,0.148753564668,0.0287662509386,0.182510729702,0.0767129618186,0.0958911037033,0.252212644308,0.00808377632286,0.00889786842829
247,0.160479525391,0.175786817577,0.0324326865835,0.0652364900205,0.0815654886067,0.100685686207,0.365743755579,0.00856982674487,0.00949972329081
248,0.187738728688,0.132079680701,0.0251920141022,0.219752014812,0.067540248862,0.0861020787548,0.26654339781,0.00716113135446,0.00789070491602
249,0.190984563521,0.110387239011,0.0167840865646,0.30673753919,0.0458608278787,0.0711260913553,0.246026473792,0.00588798000921,0.00620519867861
250,0.186544027337,0.131977357433,0.0249706026218,0.218253324418,0.0669524520854,0.0854032931742,0.270925531049,0.00714110331176,0.00783230856926
251,0.22284061499,0.148276302256,0.0297082454852,0.263550998535,0.0714115097495,0.0989202763654,0.147980673005,0.00724824643546,0.0100631331782
252,0.197651106639,0.139595896991,0.029720161606,0.241231024956,0.0804500317914,0.0945088462926,0.194994292292,0.00860612773813,0.0132425116944
253,0.180845056399,0.133277865368,0.0251156873604,0.214709368674,0.0668135246116,0.0856078481492,0.278892030288,0.00705511503607,0.00768350411325
254,0.18481982722,0.129501283488,0.024163359918,0.225303602239,0.0650628642909,0.0835609290148,0.272966738981,0.00703095456431,0.0075904402843
255,0.186585714917,0.132068444467,0.0249954976341,0.218016756267,0.0670091844168,0.0854678096766,0.270871195142,0.00714450412773,0.00784089335226
256,0.17596268384,0.126990590553,0.0230193892956,0.211729780248,0.0647932225049,0.0795998150403,0.30560908926,0.0055993939733,0.00669603528426
257,0.186585714917,0.132068444467,0.0249954976341,0.218016756267,0.0670091844168,0.0854678096766,0.270871195142,0.00714450412773,0.00784089335226
258,0.186585714917,0.132068444467,0.0249954976341,0.218016756267,0.0670091844168,0.0854678096766,0.270871195142,0.00714450412773,0.00784089335226
259,0.132005791611,0.143396690408,0.0291240218388,0.0952315480622,0.0691640276212,0.0819354634777,0.434390993972,0.00662248537711,0.00812897763089
260,0.183419616211,0.135535691697,0.0253131696632,0.205900564755,0.068486599581,0.0876638852833,0.278563734377,0.00732571580163,0.0077910226319
261,0.117000881788,0.182628446534,0.0326783541383,0.0335242016858,0.0879493815207,0.115680671501,0.413981420267,0.00683842809582,0.00971821446903
262,0.186471139377,0.131835320471,0.0249311677659,0.218622876144,0.0668646701779,0.0853006137238,0.271019919328,0.0071358367531,0.00781845625976
263,0.25927387952,0.0838925513176,0.0356632096197,0.359154976233,0.101302840891,0.120593717558,0.0235386237615,0.00654281957035,0.0100373815283
264,0.0956512400594,0.181062985016,0.0311626185664,0.00316420415257,0.0912660275044,0.119825899234,0.460622576911,0.009742966668,0.00750148188841
265,0.0748468865523,0.144605050752,0.0361715542427,1.22695715006e-07,0.0938315560559,0.0123236666052,0.599895877903,0.00957605860439,0.0287492265895
266,0.186571028333,0.132066995854,0.0249953281022,0.217985947138,0.0670061139692,0.0854676465512,0.270921503154,0.0071445437818,0.00784089311651
267,0.18532152318,0.131831377278,0.0249168129828,0.214522191421,0.0665970773005,0.0849544094641,0.276932673052,0.00709639192517,0.00782754339702
268,0.314479875739,0.0181672558929,0.0399435938559,0.352311075272,0.123757224156,0.120034526644,0.0155561357987,0.00441350451445,0.0113368081261
269,0.240361289786,0.130114648097,0.0314456001983,0.323011327702,0.0885447472295,0.112822128122,0.0565952561086,0.00765707418967,0.00944792856681
270,0.286388883497,0.133649921032,0.0365089170344,0.369009520198,0.0516493312486,0.106141373297,0.00043853277641,0.00384659432121,0.012366926594
271,0.147620102536,0.129659021265,0.0229785693742,0.154380403215,0.0607532541335,0.078177524801,0.394513641561,0.00634889867884,0.00556858443549
272,0.151497322788,0.0197242037736,0.0644229347327,0.459636339027,0.146761380098,0.1462688809,7.99613726173e-05,0.00216391426952,0.00944506303869
273,0.187304136284,0.132614212268,0.025084546133,0.22219122012,0.0672396644873,0.0857605974133,0.264710062254,0.00713308543308,0.00796247560692
