ID,class1,class2,class3,class4,class5,class6,class7,class8,class9
0,0.1168291568,0.113205401678,0.0295761910064,0.563746420366,0.0742069495142,0.0821107136455,0.00495984375849,0.00656105214948,0.00880427108248
1,0.186166939043,0.132414453684,0.0249958810849,0.213906560912,0.0670033477298,0.0854892731039,0.275039028547,0.00715544513661,0.00782907075831
2,0.273535595555,0.1463851704,0.0340656554443,0.35620475232,0.0705781294894,0.102627553978,0.00451639915184,0.0058526444099,0.00623409925124
3,0.180745133674,0.119092674484,0.0214134388186,0.238069297241,0.0596424324877,0.0738526903159,0.294217809702,0.00673637087718,0.0062301523999
4,0.185691595266,0.130928476495,0.0246826780399,0.220720957689,0.0662975193506,0.0846442327258,0.272203663736,0.007098445647,0.00773243105123
5,0.186533913727,0.131618228159,0.0248742881911,0.219035660565,0.0667347022404,0.0851445675656,0.271133137765,0.00712764195419,0.00779785983219
6,0.186581616222,0.132059294707,0.0249929508262,0.218040479153,0.067003485021,0.08546121837,0.270876789818,0.00714416642615,0.00783999945765
7,0.176709773995,0.136403338333,0.0257035180652,0.201324662038,0.0694257985351,0.087037589509,0.288871940204,0.00708340902385,0.00743997029695
8,0.144105019679,0.127107827557,0.0304587320678,0.498052638288,0.0778198450459,0.0894498508579,0.0165342463684,0.00722990314059,0.00924193699522
9,0.168681463531,0.161035464401,0.0302789814215,0.121150772655,0.0804315854898,0.104185101706,0.317275518392,0.00745614400037,0.00950496840354
10,0.180900608821,0.133870578819,0.0252466731036,0.212115295055,0.067690300427,0.0853555231012,0.280391466238,0.00715390817702,0.00727564625865
11,0.236703388282,0.132337200784,0.0309195060465,0.314967974673,0.0865786557124,0.110328543681,0.0711245084543,0.00771070318505,0.00932951918167
12,0.0683681735857,0.0827426538086,0.0268418404032,0.679563899227,0.0644089956622,0.0650208568146,0.000229763806032,0.00502852232852,0.00779529436451
13,0.13054431812,0.142661492239,0.0289390897382,0.0930228385377,0.0685029738717,0.0811534215348,0.440533289179,0.00655445169204,0.00808812508703
14,0.186585714917,0.132068444467,0.0249954976341,0.218016756267,0.0670091844168,0.0854678096766,0.270871195142,0.00714450412773,0.00784089335226
15,0.186585714917,0.132068444467,0.0249954976341,0.218016756267,0.0670091844168,0.0854678096766,0.270871195142,0.00714450412773,0.00784089335226
16,0.144105019679,0.127107827557,0.0304587320678,0.498052638288,0.0778198450459,0.0894498508579,0.0165342463684,0.00722990314059,0.00924193699522
17,0.290982043737,0.142042093757,0.0318859489657,0.117652469238,0.096183784915,0.115661064142,0.186947055815,0.00818404543218,0.0104614939985
18,0.0639755247825,0.0797151644503,0.0265695629757,0.690264821449,0.0635313252163,0.0632412220465,0.000157191828722,0.00489466070279,0.00765052654762
19,0.18580194258,0.130524766435,0.024572689038,0.221662745307,0.0660414388744,0.0843537621546,0.27226332752,0.00708451836549,0.00769480972456
20,0.186254597934,0.132571513902,0.0250383741286,0.213538190321,0.0670987169029,0.0856040362042,0.274888380166,0.00716120869896,0.00784498174337
21,0.0807118672181,0.192399748385,0.0254674078506,0.0420891973651,0.0934717979685,0.0994160535701,0.461823168784,0.0013025894851,0.0033181693733
22,0.186505273362,0.131937658084,0.0249585995419,0.218287481647,0.0669249417755,0.0853698264552,0.271049232213,0.00713916246585,0.00782782445555
23,0.186451343005,0.130632772923,0.0246205430743,0.226414775105,0.0661788847489,0.084514622765,0.266349182101,0.00707584543385,0.00776203084374
24,0.187738728688,0.132079680701,0.0251920141022,0.219752014812,0.067540248862,0.0861020787548,0.26654339781,0.00716113135446,0.00789070491602
25,0.186204417413,0.131390136517,0.0248261572455,0.219925288564,0.0666193436454,0.0849486031712,0.271202417705,0.0071142364654,0.00776939927381
26,0.157780484545,0.129106012313,0.0234565864406,0.249535378967,0.0639279294197,0.0760006265761,0.290609176095,0.0038328543352,0.00575095130897
27,0.181415987351,0.132997361003,0.0252697006612,0.20344077255,0.066856687623,0.0848266080526,0.29023086299,0.00708047259243,0.00788154717795
28,0.169789054075,0.136357538157,0.0254966559128,0.203264307254,0.0666914875364,0.0862980358926,0.29778590159,0.00689509112738,0.00742192845416
29,0.176619242617,0.144585214664,0.0275237630378,0.209464711492,0.0698230536046,0.090508364197,0.267701421151,0.00704970815306,0.00672452108346
30,0.186254597934,0.132571513902,0.0250383741286,0.213538190321,0.0670987169029,0.0856040362042,0.274888380166,0.00716120869896,0.00784498174337
31,0.186585714917,0.132068444467,0.0249954976341,0.218016756267,0.0670091844168,0.0854678096766,0.270871195142,0.00714450412773,0.00784089335226
32,0.163154903927,0.158862382856,0.0298788931156,0.0989225571066,0.0810299961636,0.0944853652729,0.356569951807,0.00763111491043,0.00946483484065
33,0.1168291568,0.113205401678,0.0295761910064,0.563746420366,0.0742069495142,0.0821107136455,0.00495984375849,0.00656105214948,0.00880427108248
34,0.193202160889,0.140762722606,0.0266044977555,0.122174741695,0.0735042789386,0.0908194235065,0.336927868948,0.00790204592429,0.00810225973771
35,0.186585714917,0.132068444467,0.0249954976341,0.218016756267,0.0670091844168,0.0854678096766,0.270871195142,0.00714450412773,0.00784089335226
36,0.191531299716,0.142333225574,0.0268751280424,0.155187981888,0.0718347645774,0.0906477787417,0.305886189117,0.00765003045712,0.00805360188615
37,0.263290919019,0.146848197893,0.0333451519758,0.357337839578,0.0741599656855,0.0972491688865,0.0105563162952,0.00675830007176,0.0104541405952
38,0.206909814862,0.00587988267578,0.0302990185387,0.465752001452,0.130084411429,0.152821417641,1.5384617692e-07,0.00122861076379,0.00702468879165
39,0.186555822581,0.132159968819,0.0250166974446,0.217567830412,0.0670692904244,0.0855139811071,0.271121721469,0.00714727730788,0.00784741043442
40,0.186585714917,0.132068444467,0.0249954976341,0.218016756267,0.0670091844168,0.0854678096766,0.270871195142,0.00714450412773,0.00784089335226
41,2.01951580357e-07,0.163282689312,0.0253502992804,1.06747473129e-07,0.018120384695,0.00329578488907,0.785660366259,0.000216550289932,0.00407361657535
42,0.18373131671,0.131061287909,0.0246896291823,0.212118146906,0.0658488536966,0.0840493178734,0.283713093159,0.00702686258665,0.00776149197607
43,0.144105019679,0.127107827557,0.0304587320678,0.498052638288,0.0778198450459,0.0894498508579,0.0165342463684,0.00722990314059,0.00924193699522
44,0.00249388658389,0.160153855549,0.0314871719102,0.00309327458388,0.0834952626414,0.0702441222816,0.638516679906,0.00189255380614,0.00862319273785
45,0.184348920168,0.133171194747,0.0251218531785,0.211584299813,0.067324996188,0.0855662769597,0.278066419699,0.0071643179587,0.00765172128721
46,0.186166939043,0.132414453684,0.0249958810849,0.213906560912,0.0670033477298,0.0854892731039,0.275039028547,0.00715544513661,0.00782907075831
47,0.184357382823,0.127330228591,0.0236772362439,0.230022559548,0.0640602540409,0.0820261718022,0.274180209614,0.00696802869231,0.00737792864411
48,0.186648095324,0.132030667009,0.0249903210425,0.218301131747,0.0670060535352,0.0854673110853,0.270574206934,0.00714405917007,0.0078381541536
49,0.186555087654,0.132001505515,0.0249772030765,0.218190616805,0.0669674917812,0.0854203997919,0.270911105518,0.00714200492089,0.00783458493779
50,9.74342190325e-08,1.22685139382e-05,0.0138263455756,9.74342190325e-08,0.00349425807454,0.000130929855566,9.74342190325e-08,0.00819381227423,0.974342093403
51,0.151738236226,0.161154081709,0.0334780895666,0.0766894009192,0.0841836165749,0.0904697106737,0.385402458668,0.00721809625555,0.00966630940705
52,0.186585714917,0.132068444467,0.0249954976341,0.218016756267,0.0670091844168,0.0854678096766,0.270871195142,0.00714450412773,0.00784089335226
53,0.0190182342837,0.154195856268,0.0491048473252,0.000127604995636,0.0922298427153,0.0459037969968,0.626736762567,0.00296273459717,0.00972032025101
54,0.172116611634,0.00154202546364,0.0313673390473,0.493316214347,0.141189228802,0.15389051066,1.54001387661e-07,0.00056846483896,0.00600945120519
55,0.186570418865,0.132035000503,0.0249863577004,0.218103626484,0.0669883535658,0.0854441246384,0.270891120887,0.0071432554902,0.00783774186585
56,0.0941244480183,0.19864248204,0.0375125229586,0.00788143409905,0.0863336677696,0.0850727832176,0.47199727083,0.00757224709007,0.0108631439761
57,0.186566129676,0.132025627057,0.0249837958887,0.218127971651,0.0669825153885,0.0854374857001,0.270896710638,0.00714290552575,0.00783685847534
58,0.186585714917,0.132068444467,0.0249954976341,0.218016756267,0.0670091844168,0.0854678096766,0.270871195142,0.00714450412773,0.00784089335226
59,0.18481982722,0.129501283488,0.024163359918,0.225303602239,0.0650628642909,0.0835609290148,0.272966738981,0.00703095456431,0.0075904402843
60,0.178421935222,0.141340547772,0.0259399618933,0.126659154849,0.0697586602965,0.0889570372112,0.354223706324,0.00689110851055,0.00780788792091
61,0.18775305671,0.165461695327,0.0271690506615,0.429278396478,0.0437720762595,0.133053333478,1.40441762606e-07,0.00940503880831,0.00410721183566
62,0.180287600289,0.128216285738,0.024140175502,0.213476188691,0.0652574193544,0.0826298026526,0.291534464463,0.0069373563169,0.00752070699399
63,0.186585714917,0.132068444467,0.0249954976341,0.218016756267,0.0670091844168,0.0854678096766,0.270871195142,0.00714450412773,0.00784089335226
64,0.184043571021,0.131579238564,0.0248354566925,0.211047460568,0.0661796718052,0.0844340868571,0.283019441607,0.00704777515717,0.00781329772751
65,0.161402751273,0.174903151661,0.0320441650485,0.0541215030303,0.0809184844011,0.102051461394,0.376547200466,0.00843410114184,0.00957718158488
66,0.185297817883,0.131782824901,0.0249035491499,0.214638841588,0.0665666057862,0.0849196490944,0.276973204541,0.00709451858259,0.00782298847344
67,0.206020018228,0.141953738173,0.0275567472042,0.247589772779,0.0713571210976,0.0925491297583,0.196775616309,0.00747601907332,0.00872183737595
68,0.187073936274,0.134378922396,0.025819700489,0.253415873326,0.0689691152572,0.0871704532945,0.227810945131,0.00730999182116,0.00805106201072
69,0.186222977027,0.131647254512,0.0248750465796,0.219080127424,0.0667426817748,0.085153251153,0.271361260632,0.00712535434127,0.00779204655575
70,0.263290919019,0.146848197893,0.0333451519758,0.357337839578,0.0741599656855,0.0972491688865,0.0105563162952,0.00675830007176,0.0104541405952
71,0.154421167988,0.137132496233,0.025219212488,0.226928750695,0.0662295704122,0.0895837660546,0.286212434474,0.00629430466007,0.0079782969953
72,0.183626143707,0.132004541143,0.0248584778842,0.206730303635,0.0662228806276,0.0845132519284,0.287174350977,0.00706055275154,0.00780949734671
73,0.186556662077,0.132004257013,0.024978026428,0.218183822021,0.0669693714867,0.0854225481961,0.270908341494,0.00714211072298,0.00783486056089
74,0.148082597003,0.158151749821,0.0313682143378,0.0845057387607,0.0794326549479,0.0754120424865,0.407243165839,0.00658553126188,0.00921830554213
75,0.186585103748,0.132067107686,0.0249951323181,0.218020228775,0.0670083517754,0.0854668630376,0.270871991044,0.00714445421924,0.00784076739704
76,0.183955971213,0.131065230503,0.0247000353859,0.213678295563,0.0658730147252,0.0840822978519,0.281838925102,0.00702253298469,0.00778369667077
77,0.187225007622,0.132207943962,0.0251414609402,0.218419861724,0.0674079955274,0.0859345095392,0.268618710812,0.00716119716159,0.007883312712
78,0.0574093595718,0.150799609888,0.0279913433274,0.00676559885313,0.0166643264209,0.0208593585093,0.709126067427,0.00172748523941,0.00865685076249
79,0.186585103748,0.132067107686,0.0249951323181,0.218020228775,0.0670083517754,0.0854668630376,0.270871991044,0.00714445421924,0.00784076739704
80,0.18675974734,0.13207502053,0.0250030778187,0.219460914565,0.0670323662575,0.0854935137026,0.269175252721,0.00713979276297,0.00786031430162
81,1.28080515651e-06,0.131187879263,0.00704065302792,8.28685646566e-08,0.0202301518156,0.0122696105255,0.828685540418,0.000511058769163,7.37425068119e-05
82,0.172576077924,0.151392835073,0.0286338193789,0.144445629041,0.0762925058056,0.0977393831505,0.312634013416,0.00739276377574,0.00889297243597
83,0.186585714917,0.132068444467,0.0249954976341,0.218016756267,0.0670091844168,0.0854678096766,0.270871195142,0.00714450412773,0.00784089335226
84,0.251281835511,0.0593958632947,0.0417863088842,0.373848963852,0.117765373795,0.138353674839,0.00174727260445,0.00509525792661,0.0107254492921
85,0.164614503407,0.139215230045,0.025996941661,0.197848290971,0.0697321315611,0.0849330769386,0.304658421444,0.00715723531522,0.00584416865712
86,0.186268410952,0.131381133591,0.0248073879183,0.219793484625,0.0665810021271,0.0849800530116,0.271293725305,0.00711883635336,0.00777596611736
87,0.186391359981,0.131329221761,0.0247956827349,0.221379086907,0.0665719599035,0.0849518191025,0.269682151584,0.0071126309309,0.00778608709484
88,0.257889865037,0.0913952822169,0.0348596908679,0.34845914422,0.0988543203007,0.118901848777,0.0328322156566,0.00682819301126,0.00997943991246
89,0.152804037584,0.000687273218113,0.0299989378959,0.514190476552,0.144378410121,0.152365224672,1.50335195033e-07,0.000349162043789,0.00522632757858
90,0.18084553955,0.132873965533,0.0250167142103,0.21876722888,0.0668439536181,0.0861019824757,0.274706889775,0.00699765506715,0.00784607089044
91,0.186516296174,0.131916870705,0.0249540679199,0.21841036764,0.0669147822094,0.0853604356802,0.270961729575,0.00713884488189,0.00782660521478
92,0.221731061451,0.125777916293,0.029197521156,0.324409541443,0.0770053758411,0.0885148497809,0.117082828327,0.00715423508838,0.00912667061987
93,0.185886123902,0.129830605737,0.0243780595428,0.223186903144,0.0657407569317,0.0837747914212,0.272527733612,0.00707573018361,0.00759929552643
94,0.221731061451,0.125777916293,0.029197521156,0.324409541443,0.0770053758411,0.0885148497809,0.117082828327,0.00715423508838,0.00912667061987
95,0.10531879827,0.156035353881,0.0272951753224,0.140373295765,0.058557839214,0.0882225339653,0.415560420066,0.00511179932829,0.00352478418723
96,0.163454945097,0.132587930004,0.0245789398395,0.205685018426,0.0661929007339,0.0832925668086,0.3097995405,0.00678710804701,0.00762105054427
97,0.185220224049,0.129177992523,0.0242025350272,0.225479213598,0.065212021453,0.0834068773894,0.272698407447,0.00703659396586,0.0075661345476
98,0.18473975305,0.13446549818,0.0251849487748,0.196009819993,0.0673893128143,0.0860633582024,0.291072897065,0.00722105925313,0.00785335266779
99,0.000414695511868,0.242212474124,0.0355437638837,1.6511905394e-07,0.12023276835,0.0271972901045,0.559410966405,0.001475469773,0.0135124067288
100,0.187239200715,0.132143707253,0.0250434817138,0.222395741327,0.0671544891132,0.0855832377276,0.265313360149,0.00714650330511,0.00798027869699
101,0.200989852914,0.127642624809,0.0294958562025,0.266413535038,0.0777369066518,0.0980183027638,0.183932092477,0.00709294030119,0.00867788884234
102,0.187596081438,0.132082511982,0.0250362056701,0.226740768419,0.0671355041735,0.0856057111133,0.260731686711,0.00711491613716,0.00795661435672
103,0.158200558301,0.131519125531,0.0236239632995,0.115174362056,0.0603387893221,0.0774328806445,0.419806365934,0.00648437968919,0.00741957522215
104,0.185524590945,0.132852584302,0.0249142472529,0.213441595475,0.0674832226049,0.0855026887375,0.275849403885,0.0067459362206,0.00768573057726
105,0.331092504671,0.0163328680731,0.0350394329218,0.358158192927,0.114801804961,0.11124437852,0.0181479029248,0.00447075763732,0.0107121573638
106,0.0500035494793,0.12842697746,0.00746989232408,0.000153308750207,0.0451900544118,0.0669170809128,0.699136182925,3.87751836787e-05,0.00266417855328
107,0.186533913727,0.131618228159,0.0248742881911,0.219035660565,0.0667347022404,0.0851445675656,0.271133137765,0.00712764195419,0.00779785983219
108,0.174194236205,0.144919309725,0.0271949242744,0.159275496971,0.0730076678811,0.0895155405774,0.316349233394,0.00729016543721,0.00825342553476
109,0.178398362426,0.125620935579,0.0230647054685,0.230676739866,0.0620223354977,0.0804428208618,0.285807402483,0.00677072318066,0.00719597463849
110,0.184361509861,0.127338997869,0.0236796363958,0.229999188515,0.0640656701188,0.0820324580441,0.274175418882,0.0069683543795,0.00737876593366
111,0.20504480949,0.0897248253747,0.0265434647484,0.490374378372,0.0683202339345,0.0838567624414,0.0215050330905,0.00603899567281,0.00859149687616
112,0.00783542870229,0.158591130065,0.0277523887749,0.00225466136187,0.0908659550836,0.0658505099806,0.643972227671,0.00215890762545,0.000718790734642
113,0.251447298107,0.0641264389381,0.0413453463491,0.370978032597,0.116338234772,0.137534444265,0.00222729470253,0.00528357089207,0.010719339378
114,0.186495280522,0.131871806222,0.0249415593652,0.218528011608,0.0668867458427,0.0853280794968,0.270989099619,0.00713717340021,0.00782224392448
115,0.186585714917,0.132068444467,0.0249954976341,0.218016756267,0.0670091844168,0.0854678096766,0.270871195142,0.00714450412773,0.00784089335226
116,0.186704878222,0.131955159956,0.0249703148364,0.219774661698,0.0669577559124,0.0854086090891,0.269244304542,0.00713531697175,0.00784899877258
117,0.185886123902,0.129830605737,0.0243780595428,0.223186903144,0.0657407569317,0.0837747914212,0.272527733612,0.00707573018361,0.00759929552643
118,0.0774925027703,0.123397997328,0.0308667381927,0.0224778895583,0.0653645492497,0.0739104258378,0.593773857641,0.00570153053319,0.00701450888893
119,0.175101561378,0.132865053247,0.0249284949436,0.222897975926,0.0664713681908,0.0865587778365,0.276541813727,0.00682561051735,0.00780934423365
120,0.115466877539,0.152084681614,0.0274215814918,0.150851861445,0.0733110273538,0.0830557726401,0.387564715787,0.00676899911684,0.003474483012
121,0.167266781705,0.125846392349,0.0226110204018,0.174396941451,0.0597409107182,0.0799160252134,0.356485142783,0.00642354201816,0.0073132433595
122,0.000206655785984,0.14809726532,0.00268008716971,7.84012000337e-07,0.0702212502449,0.0175254386714,0.761265662289,9.56381842982e-08,2.76086909915e-06
123,0.185916851664,0.133104812983,0.0251524447459,0.212851779641,0.0674044914177,0.0859135426887,0.274588460364,0.00719132576911,0.00787629072575
124,0.254931995518,0.147317339896,0.0314857668344,0.36782646075,0.0786805687985,0.0963947650112,0.0128044991343,0.00717722154862,0.00338138250947
125,0.187449043582,0.132310914369,0.0250663370578,0.220629584755,0.0670115617977,0.0857321109761,0.266759646529,0.0071327171426,0.00790808379052
126,0.187317088703,0.148970853984,0.0281828541446,0.096992162619,0.0742557363404,0.0924679025018,0.355707740352,0.00790091376152,0.00820474759378
127,0.00503715692598,0.132942025576,0.0522355279176,3.39999696168e-06,0.0853549164646,0.0272330972616,0.687286014654,0.00153343401965,0.00837442718322
128,0.186585714917,0.132068444467,0.0249954976341,0.218016756267,0.0670091844168,0.0854678096766,0.270871195142,0.00714450412773,0.00784089335226
129,0.186532761267,0.132019508452,0.0249809079334,0.218117609978,0.0669771221679,0.0854292223403,0.270966063713,0.00714221464219,0.00783458950499
130,0.0707174615516,0.214718490286,0.0303568594714,0.0109647574796,0.10222261584,0.129746617773,0.429538804729,0.00695695294738,0.00477743992273
131,0.186051034872,0.130914351662,0.024679646551,0.221007314338,0.0662908372537,0.084648336263,0.271575300281,0.00710140657246,0.00773177220654
132,0.182288389986,0.131969422281,0.0245808785108,0.211720329671,0.0662639616569,0.0844878295209,0.283976086162,0.00703634906916,0.00767675314139
133,0.180831829785,0.133257085375,0.0251099443979,0.214763701039,0.0668000634532,0.0855928988751,0.278908677346,0.00705424974762,0.00768154997987
134,0.257889865037,0.0913952822169,0.0348596908679,0.34845914422,0.0988543203007,0.118901848777,0.0328322156566,0.00682819301126,0.00997943991246
135,0.184611208086,0.13032955717,0.0244137910633,0.219852295136,0.0656487550976,0.0840665600638,0.276382547449,0.00705496878861,0.00764031714603
136,0.182074390055,0.122227846973,0.0223085211987,0.246853258576,0.0610141960743,0.078392891978,0.273447298846,0.00677572065802,0.00690587564022
137,0.154831372334,0.154996512817,0.0289625811419,0.131894553854,0.075291690456,0.0978594241588,0.340742084881,0.00707470677473,0.0083470735824
138,0.197150043773,0.135284104334,0.0264516362564,0.232698148291,0.0713100242599,0.0909438803701,0.230517223883,0.00738254002617,0.00826239880617
139,0.221731061451,0.125777916293,0.029197521156,0.324409541443,0.0770053758411,0.0885148497809,0.117082828327,0.00715423508838,0.00912667061987
140,0.237168326402,0.125837478195,0.0322768596356,0.30949563828,0.089225570482,0.112119433528,0.0766488230912,0.00758154069398,0.00964632969214
141,0.186559986936,0.132012210492,0.0249801283966,0.218162806604,0.0669741589554,0.0854279812602,0.270904729128,0.00714240461997,0.00783559360717
142,0.183639790613,0.0199586947056,0.0242530794755,0.678321723116,0.0553537692315,0.0291637808667,9.8475641112e-06,0.00177078964117,0.00752852478546
143,0.184630632513,0.132607981019,0.0250611584976,0.216197643226,0.0671967097695,0.0853849694944,0.274135273445,0.00714512417785,0.00764050785653
144,0.13438649479,0.154581203041,0.028646875864,0.125913638474,0.0802993398208,0.0924765279539,0.37115933874,0.00674681505539,0.00578976626001
145,0.0748468865523,0.144605050752,0.0361715542427,1.22695715006e-07,0.0938315560559,0.0123236666052,0.599895877903,0.00957605860439,0.0287492265895
146,0.129104689406,0.174497685941,0.0272717988853,0.0908291154911,0.0869232828809,0.100891628203,0.381981515494,0.00318670909093,0.00531357460801
147,0.157171736743,0.141696949525,0.0261078076107,0.190514557684,0.0625919313005,0.0878241882928,0.321665586934,0.00631601982525,0.00611122208568
148,0.1257507509,0.250065114906,0.0466391376812,0.000119930663123,0.107015589201,0.141387672372,0.302986087642,0.0114277967168,0.0146079199166
149,0.0261288604206,0.119961228273,0.0334781065175,1.10708677655e-07,0.0872221954488,0.00388604747231,0.690937876356,0.00766133087968,0.030724243923
150,0.186585103748,0.132067107686,0.0249951323181,0.218020228775,0.0670083517754,0.0854668630376,0.270871991044,0.00714445421924,0.00784076739704
151,0.0949615206265,0.0837650048959,0.0194457557347,0.00130726084075,0.0199459291729,0.0589503691784,0.710769129083,0.0047646705744,0.00609035989348
152,0.144105019679,0.127107827557,0.0304587320678,0.498052638288,0.0778198450459,0.0894498508579,0.0165342463684,0.00722990314059,0.00924193699522
153,0.186435101457,0.132582865572,0.0250468628722,0.214970014854,0.0671243297534,0.085632842714,0.273186546497,0.0071567422124,0.00786469406912
154,0.186585714917,0.132068444467,0.0249954976341,0.218016756267,0.0670091844168,0.0854678096766,0.270871195142,0.00714450412773,0.00784089335226
155,0.0144455866694,0.254484388799,0.0428236342242,5.40275471181e-06,0.078033780626,0.0740422403999,0.517687022589,0.00693026636403,0.0115476775744
156,0.132005791611,0.143396690408,0.0291240218388,0.0952315480622,0.0691640276212,0.0819354634777,0.434390993972,0.00662248537711,0.00812897763089
157,0.186552205727,0.132017214885,0.0249815065077,0.218102224667,0.0669758671584,0.0854286478582,0.270964019951,0.00714224953232,0.00783606371388
158,0.21935459844,0.134637605567,0.0292664092585,0.264278099197,0.0801392074402,0.101616043151,0.153943329593,0.00770266146106,0.00906204589292
159,1.33756156984e-06,0.256509953396,0.00299525887671,1.37591527921e-07,0.0890410165606,0.0675294001792,0.583915919708,2.07826540569e-06,4.89786081587e-06
160,0.182480342772,0.122766177782,0.0223914924339,0.247050359221,0.061285534508,0.0787918209622,0.271439870307,0.00679303352926,0.0070013684852
161,0.217452619138,0.125144040515,0.0286822616248,0.269860402948,0.0785015824226,0.0985914504358,0.165580674108,0.00742562849689,0.00876134031007
162,0.186150653678,0.131128126137,0.0247381168709,0.220451924232,0.0664237795458,0.08480017868,0.271445853327,0.00710938840034,0.00775197912947
163,0.258631091538,0.0888455220242,0.0348020822876,0.354170636813,0.0990389055016,0.118874406629,0.0289961747546,0.00672868575162,0.00991249470032
164,0.184556812536,0.129736380062,0.0243300213561,0.224137649345,0.0653923125984,0.0837503005034,0.273447600009,0.00703194708635,0.00761697650446
165,0.194827702888,0.130274042214,0.025758568132,0.25309332969,0.0688629815676,0.0875598507804,0.224300748108,0.00722370990088,0.00809906671956
166,0.186585714917,0.132068444467,0.0249954976341,0.218016756267,0.0670091844168,0.0854678096766,0.270871195142,0.00714450412773,0.00784089335226
167,0.0812892386047,0.169742634007,0.0310504650146,0.0616816140542,0.0901722651572,0.0937581634847,0.46257340064,0.00574150816351,0.00399071087315
168,0.186400515577,0.130404526037,0.0246301720709,0.222492526709,0.0662346570013,0.0846617221172,0.270372716232,0.0070935221191,0.00770964213656
169,0.132005791611,0.143396690408,0.0291240218388,0.0952315480622,0.0691640276212,0.0819354634777,0.434390993972,0.00662248537711,0.00812897763089
170,0.190097984674,0.133056179793,0.0254761213935,0.224057651695,0.0684117256742,0.0872359961405,0.256452086565,0.00721483635186,0.00799741771384
171,0.273535595555,0.1463851704,0.0340656554443,0.35620475232,0.0705781294894,0.102627553978,0.00451639915184,0.0058526444099,0.00623409925124
172,0.00164298272515,0.207084630658,0.0382780702116,1.41169658938e-07,0.0532987594796,0.0217792339263,0.666624215907,0.00250448436026,0.00878748156177
173,0.217253023947,0.125191183977,0.0286462285986,0.26951809093,0.0784020030419,0.0984765970063,0.166335158538,0.00742468335337,0.0087530306087
174,0.270658540633,0.145386497566,0.0355633668024,0.353462150318,0.0574839947141,0.111533704522,0.00469450193396,0.00472234945984,0.0164948940508
175,0.178259125897,0.128484674918,0.0237184028504,0.202671890384,0.0633411451243,0.0822378116481,0.306998294062,0.00681913678525,0.00746951833151
176,0.138624712904,0.145589401631,0.0211236011558,0.121023855319,0.0754678581278,0.0775223462834,0.415834818169,0.00102634804958,0.00378705836033
177,0.221731061451,0.125777916293,0.029197521156,0.324409541443,0.0770053758411,0.0885148497809,0.117082828327,0.00715423508838,0.00912667061987
178,0.148082597003,0.158151749821,0.0313682143378,0.0845057387607,0.0794326549479,0.0754120424865,0.407243165839,0.00658553126188,0.00921830554213
179,0.180892978996,0.123692124968,0.0226078716189,0.233215504702,0.0614004143779,0.0788980730913,0.285477024955,0.00677496661238,0.00704104067844
180,0.00512703177201,0.12882528861,0.0127914760207,0.0169176045495,0.0443519112522,0.031488748085,0.759796578961,3.30875750652e-05,0.000668273174219
181,0.186555087654,0.132001505515,0.0249772030765,0.218190616805,0.0669674917812,0.0854203997919,0.270911105518,0.00714200492089,0.00783458493779
182,0.177437361179,0.133286003604,0.025423401873,0.194260265158,0.0667027041652,0.0842809438844,0.303692195546,0.00703253484837,0.00788458974174
183,0.185916851664,0.133104812983,0.0251524447459,0.212851779641,0.0674044914177,0.0859135426887,0.274588460364,0.00719132576911,0.00787629072575
184,0.0873630216402,0.153169215969,0.0171972826005,0.0437675207833,0.0804569629636,0.0695658362434,0.546425741819,0.00020004658865,0.00185437139191
185,0.144105019679,0.127107827557,0.0304587320678,0.498052638288,0.0778198450459,0.0894498508579,0.0165342463684,0.00722990314059,0.00924193699522
186,0.197150043773,0.135284104334,0.0264516362564,0.232698148291,0.0713100242599,0.0909438803701,0.230517223883,0.00738254002617,0.00826239880617
187,0.197150043773,0.135284104334,0.0264516362564,0.232698148291,0.0713100242599,0.0909438803701,0.230517223883,0.00738254002617,0.00826239880617
188,0.189501813245,0.143831304139,0.027393233287,0.157600516451,0.0736272898187,0.0875258786091,0.304362180219,0.00765610135317,0.00850168287718
189,0.155612375198,0.169384359591,0.0313234452657,0.073394429818,0.0857472855635,0.0965891785871,0.37020280397,0.0078069033109,0.00993921869563
190,0.252347584945,0.155422150157,0.0320439975979,0.320236297346,0.0799101347963,0.101371367642,0.0448809085818,0.00775895641768,0.00602860251621
191,0.243601507348,0.113172887051,0.0328815456296,0.328699430906,0.091654891567,0.113313822709,0.059624242249,0.00728005918664,0.00977161335449
192,0.186585714917,0.132068444467,0.0249954976341,0.218016756267,0.0670091844168,0.0854678096766,0.270871195142,0.00714450412773,0.00784089335226
193,0.246582659976,0.10854181033,0.0338657643605,0.314455124741,0.0940774867395,0.11489536773,0.0703130879873,0.00731563438971,0.00995306374667
194,0.221731061451,0.125777916293,0.029197521156,0.324409541443,0.0770053758411,0.0885148497809,0.117082828327,0.00715423508838,0.00912667061987
195,0.186585714917,0.132068444467,0.0249954976341,0.218016756267,0.0670091844168,0.0854678096766,0.270871195142,0.00714450412773,0.00784089335226
196,0.244775449946,0.130572589033,0.0322393144795,0.314107454908,0.090916712803,0.115464034512,0.0542792691227,0.00778929384695,0.00985588134934
197,0.0245357599516,0.0535888648792,0.0259819980493,0.776721248077,0.0575235781753,0.0512100142387,1.25030398232e-06,0.00358064348345,0.0068566428412
198,0.176889164345,0.1459272411,0.0269849214722,0.154051925445,0.0721281753643,0.0913719820098,0.316571870197,0.00776909990754,0.00830562015884
199,0.176941009077,0.127112258665,0.023608141724,0.219195678854,0.0635644867994,0.0813188264271,0.29401644313,0.00687697898599,0.00736617633782
200,0.185611490259,0.1322287478,0.0249214575194,0.213130233105,0.0667250135387,0.0853369709591,0.277105051274,0.00712721703713,0.00781381850743
201,0.18672675673,0.164718722832,0.0302492526713,0.000315592225486,0.0859041960514,0.115913407613,0.248414533436,0.155781821588,0.0119757168534
202,0.186585714917,0.132068444467,0.0249954976341,0.218016756267,0.0670091844168,0.0854678096766,0.270871195142,0.00714450412773,0.00784089335226
203,0.263290919019,0.146848197893,0.0333451519758,0.357337839578,0.0741599656855,0.0972491688865,0.0105563162952,0.00675830007176,0.0104541405952
204,0.0879831813591,0.172435391052,0.0316431768364,0.0384151641888,0.0902722682396,0.0962620830539,0.472434809416,0.00604755459436,0.00450637125922
205,0.195594213373,0.153290629667,0.0285190361809,0.120759601495,0.0736415187505,0.09738714826,0.314788869888,0.00720819273878,0.00881078964758
206,0.00986641221153,0.140415977167,0.0204680264878,0.00638147571736,0.0264730468698,0.0731201447106,0.713467954198,0.00135074650769,0.00845621613062
207,0.186524536872,0.131937676921,0.0249594375211,0.218346951274,0.0669274213312,0.0853744595512,0.270961468146,0.00713962476192,0.00782842362141
208,0.184108454822,0.136683885335,0.0256028540333,0.202242505795,0.0691087956956,0.0883669868261,0.278672976466,0.00734287691081,0.00787066411622
209,0.184634301486,0.132850728458,0.0250704110497,0.209390122875,0.0669823108671,0.0853876998907,0.280680355208,0.00714208493385,0.00786198523172
210,0.053746923184,0.177935011917,0.017892639928,0.00595224342712,0.0921195403616,0.0874374318794,0.562742717332,0.000354350589293,0.00181914138187
211,0.000157694028279,0.00015764207989,0.0155611847466,0.0015251313703,0.0642449869553,0.00136541058786,9.09346224533e-08,0.00764172594726,0.90934613335
212,0.183717102879,0.144860840274,0.0268600799872,0.169217018588,0.0726781968971,0.0934452117798,0.293365983958,0.00774368342668,0.00811188221072
213,0.193178963093,0.140059511683,0.0263040064078,0.159657496785,0.0705214133218,0.0894689914334,0.305127311645,0.00759699027648,0.00808531535453
214,0.176647236664,0.128265940823,0.024379838829,0.227610660114,0.065789460573,0.0828483623815,0.280022855711,0.00699534200143,0.00744030290321
215,0.185091859996,0.131409034877,0.0247997780093,0.21551271729,0.0663314714125,0.084649139071,0.277338985308,0.00707991717988,0.00778709685663
216,0.187225007622,0.132207943962,0.0251414609402,0.218419861724,0.0674079955274,0.0859345095392,0.268618710812,0.00716119716159,0.007883312712
217,0.0366843774363,0.187706632369,0.0171992824184,0.000679551927406,0.0723881942119,0.113042875228,0.564878015534,0.00392688777131,0.00349418310398
218,0.0873630216402,0.153169215969,0.0171972826005,0.0437675207833,0.0804569629636,0.0695658362434,0.546425741819,0.00020004658865,0.00185437139191
219,0.185535242083,0.133542610398,0.0251167016049,0.204693012915,0.06725765073,0.0858509920302,0.282960469734,0.00719254558511,0.00785077491942
220,0.125071375443,0.165172423008,0.0303413359111,0.0368669178306,0.0844100027745,0.103950656472,0.436574516866,0.00773067244096,0.00988209925352
221,0.148720470658,0.148702491387,0.0302000477954,0.154190466031,0.0828432006639,0.0970659343322,0.324798715338,0.00685505874441,0.00662361505133
222,0.186585714917,0.132068444467,0.0249954976341,0.218016756267,0.0670091844168,0.0854678096766,0.270871195142,0.00714450412773,0.00784089335226
223,0.232403158506,0.126183135592,0.0315887004997,0.302496329786,0.0868927537734,0.109166281665,0.0942666931588,0.00754984201453,0.00945310500422
224,0.188317291799,0.132092108067,0.0252353730256,0.221730157754,0.0676957865147,0.086317279507,0.263552729,0.00716640308123,0.0078928712502
225,0.186310167063,0.131835880354,0.0249266039733,0.218590276976,0.0668601200027,0.0852869641605,0.271247741121,0.00713240748161,0.00780983886726
226,0.0482323491239,0.143676640524,0.0246415725132,2.38000931549e-05,0.0523354306067,0.0709253486583,0.649639088436,0.00455887572748,0.0059668943172
227,0.186671688037,0.153106695377,0.0277522116804,0.0890611705464,0.0769921963815,0.0952502754178,0.356506415241,0.00681323761877,0.00784610970031
228,0.191491400507,0.137915733741,0.0260328664271,0.186303999624,0.0692175057715,0.0886988272165,0.28480340721,0.0074124407775,0.0081238187254
229,0.19331013293,0.142443946659,0.0268618984014,0.149747047378,0.071756925068,0.090843697166,0.309105188829,0.00768439670203,0.00824676686515
230,0.231611490005,0.126939889042,0.0314712984285,0.299241145311,0.0865144483235,0.108723874846,0.0984813477955,0.00757076837267,0.00944573787605
231,0.186584502106,0.132065769232,0.0249947665371,0.218023794313,0.0670075196581,0.0854659163152,0.270872686025,0.00714440422342,0.00784064159016
232,0.186338857555,0.131551231236,0.0248534379867,0.219386347723,0.0666894733582,0.0850979570062,0.271166244532,0.00712532944999,0.00779112115329
233,0.184630632513,0.132607981019,0.0250611584976,0.216197643226,0.0671967097695,0.0853849694944,0.274135273445,0.00714512417785,0.00764050785653
234,0.251447298107,0.0641264389381,0.0413453463491,0.370978032597,0.116338234772,0.137534444265,0.00222729470253,0.00528357089207,0.010719339378
235,0.182508777127,0.1326553425,0.0249786686614,0.217137961125,0.0665772418945,0.0856484593391,0.275588693651,0.00704535829612,0.00785949740466
236,0.182890776676,0.132966120134,0.0249405801307,0.19791898107,0.0663842264263,0.0847605043017,0.295229649098,0.00709081505671,0.00781834710605
237,0.186516296174,0.131916870705,0.0249540679199,0.21841036764,0.0669147822094,0.0853604356802,0.270961729575,0.00713884488189,0.00782660521478
238,0.18260465005,0.00361251714569,0.0335072858679,0.473112009605,0.140853567313,0.158665451007,1.58082149748e-07,0.000888942235691,0.00675541869358
239,0.185743726369,0.13026419766,0.0245013442978,0.222686524577,0.0658866119707,0.0841848622677,0.271985607693,0.00707712543588,0.00766999972874
240,0.336391109275,0.0220717406229,0.0066018335651,0.588351477062,0.0217252961245,0.0247045837457,1.63680323382e-07,0.000153632243589,1.63680323382e-07
241,0.0273002765194,0.161976169542,0.0260103074701,0.0201429287131,0.0692542678959,0.0609040565501,0.629209270881,0.00490345290101,0.000299269527917
242,0.170365130184,0.14403976904,0.0264408453911,0.156331520549,0.0716053208245,0.0910630365243,0.325024308436,0.00744461887086,0.00768545018074
243,0.141498344833,0.127183747268,0.0108079725417,0.00098744031446,0.0482299713764,0.0878354864081,0.573836546832,0.000545276938208,0.0090752134876
244,0.184189025684,0.127720508932,0.0237936373287,0.228514235699,0.0642827660749,0.0823221545895,0.274776590868,0.00697568918745,0.00742539163709
245,0.183575522415,0.126468435734,0.0234334593309,0.231744645701,0.0635148722647,0.0813734100009,0.275664688073,0.00693840210424,0.00728656437683
246,0.180518051757,0.134347028599,0.0253679537459,0.206848849591,0.0680218888885,0.0859988415393,0.284152154288,0.00706848178055,0.00767674981028
247,0.233135272955,0.119316119254,0.0298896668631,0.331239426176,0.0836377331413,0.105557222177,0.081099986057,0.00729360956552,0.00883096381157
248,0.185614589701,0.129187637488,0.024097649886,0.221461518428,0.0653554398856,0.0827855538921,0.277013833982,0.00708537093523,0.00739840580232
249,0.17674202286,0.131531632459,0.0248735027685,0.218542198988,0.0658784673483,0.0838630279327,0.283691538061,0.00701618041879,0.00786142916402
250,0.175856679227,0.129568742344,0.0242579223838,0.190393334212,0.0634800729625,0.0810594966312,0.320948896157,0.00673662049891,0.00769823558408
251,0.186511354125,0.131906100027,0.0249511233804,0.218438327565,0.0669080747453,0.0853528029221,0.270968185093,0.00713844272236,0.00782558941932
252,0.183495387495,0.130567070064,0.0245945683352,0.216140983877,0.0655218351427,0.0833413707906,0.281478794881,0.00698789732844,0.0078720920862
253,0.153403109681,0.146153040047,0.0273712901921,0.157833686294,0.0746815355071,0.0901467251952,0.336837762182,0.00686661398521,0.00670623691626
254,0.186585714917,0.132068444467,0.0249954976341,0.218016756267,0.0670091844168,0.0854678096766,0.270871195142,0.00714450412773,0.00784089335226
255,0.144151533678,0.127138934209,0.0295137030211,0.103959831927,0.0150370003894,0.0894707781315,0.474251872768,0.00723183650968,0.00924450936597
256,0.263219048503,0.079947028411,0.0354356976033,0.366309521404,0.102634787971,0.122731421118,0.0133182188234,0.00639104071274,0.0100132354539
257,0.18580194258,0.130524766435,0.024572689038,0.221662745307,0.0660414388744,0.0843537621546,0.27226332752,0.00708451836549,0.00769480972456
258,0.1168291568,0.113205401678,0.0295761910064,0.563746420366,0.0742069495142,0.0821107136455,0.00495984375849,0.00656105214948,0.00880427108248
259,0.186585714917,0.132068444467,0.0249954976341,0.218016756267,0.0670091844168,0.0854678096766,0.270871195142,0.00714450412773,0.00784089335226
260,0.231611490005,0.126939889042,0.0314712984285,0.299241145311,0.0865144483235,0.108723874846,0.0984813477955,0.00757076837267,0.00944573787605
261,0.186585714917,0.132068444467,0.0249954976341,0.218016756267,0.0670091844168,0.0854678096766,0.270871195142,0.00714450412773,0.00784089335226
262,0.254931995518,0.147317339896,0.0314857668344,0.36782646075,0.0786805687985,0.0963947650112,0.0128044991343,0.00717722154862,0.00338138250947
263,0.186505273362,0.131937658084,0.0249585995419,0.218287481647,0.0669249417755,0.0853698264552,0.271049232213,0.00713916246585,0.00782782445555
264,0.000558365945832,0.207747183266,0.0373913710538,1.40385317446e-07,0.0453529582214,0.0161235298615,0.682726020562,0.0019799047346,0.00812052596897
265,0.227182115186,0.11993634558,0.0304919659714,0.289167171198,0.0835985976295,0.103908246885,0.129164562366,0.00739386362299,0.00915713156203
266,0.184628891299,0.13316959717,0.0249962990636,0.208232158338,0.0673898201893,0.0861312164979,0.280407662082,0.00719423365761,0.0078501217024
267,6.41070013214e-07,0.00882917060162,0.0237560620784,4.63251758948e-08,0.0459946698678,4.63251758948e-08,0.461742971354,0.00366147493112,0.456014917446
268,0.181158607282,0.127238037287,0.0239706864018,0.212898522028,0.0644603374498,0.0822871672251,0.293566155737,0.00691728610434,0.00750320048582
269,0.186585714917,0.132068444467,0.0249954976341,0.218016756267,0.0670091844168,0.0854678096766,0.270871195142,0.00714450412773,0.00784089335226
270,0.15305987215,0.113314391414,0.0404270878194,0.379249183089,0.0989481677956,0.133119854614,0.066486458979,0.00518660111611,0.0102083830222
271,0.0818315555046,0.170958291741,0.020472069516,0.0415731068077,0.0869963723963,0.0811655609968,0.514316151769,0.000406715002876,0.00228017626558
272,0.120847803419,0.0960755195549,0.0148432573939,0.263783815878,0.042868513163,0.0566972328449,0.395097158539,0.00544406099407,0.00434263821364
273,0.186254597934,0.132571513902,0.0250383741286,0.213538190321,0.0670987169029,0.0856040362042,0.274888380166,0.00716120869896,0.00784498174337
