ID,class1,class2,class3,class4,class5,class6,class7,class8,class9
0,0.136227078224,0.0955367519695,0.0381709632909,0.438522238593,0.0664661005481,0.0631192967447,0.155521261,0.00635117888169,8.51307479187e-05
1,0.226368464108,0.0804440542975,0.0069439898141,0.00516108949127,0.0902772409652,0.129895745625,0.449145033944,0.00292880387178,0.00883557788328
2,0.270205960115,0.13187062572,0.0316819692633,0.24455687795,0.056763607862,0.0700998662905,0.182567176264,0.00619738861632,0.00605652791816
3,0.00824233126456,0.151015246235,0.00681936056151,0.182196483085,0.0589820641604,0.000808616961568,0.590381532128,0.00141933429345,0.000135031310039
4,0.0271739638078,0.202519985133,0.0315057360126,0.190914998216,0.0368428570576,0.151362129886,0.347703339476,0.00578993079894,0.00618705961169
5,0.250405480747,0.134243232501,0.0277438717072,0.239163364577,0.0410102495446,0.0981731714675,0.192470359158,0.00571763201024,0.0110726382878
6,0.0940614336774,0.129251987158,0.0148566879632,0.348642010573,0.0613254837048,0.0590340312065,0.280393767384,0.0055199063135,0.0069146920203
7,0.175975371963,0.165409261408,0.0276581779909,0.167291435927,0.06103229882,0.0923423482516,0.294461399598,0.00687696046659,0.00895274557534
8,0.0715319392074,0.0561596574034,0.0424159343092,0.631652913844,0.0672441721933,0.035987669627,0.0896712950598,0.0053348775321,1.54082371763e-06
9,0.184919005513,0.167399870473,0.0254858285186,0.178065991951,0.0592310829619,0.100106256725,0.269824213929,0.00697595337747,0.00799179655027
10,0.027381799251,0.235514250499,0.0106833451525,0.0815048963113,0.0844256111013,0.0744243670905,0.476863746017,0.0072472755338,0.00195470904348
11,0.367798769317,0.00801058780794,0.0328595789179,0.133846650681,0.209371245235,0.245972387063,0.000345903362413,0.001682807911,0.00011206970475
12,0.031274449376,0.0260235257441,0.0439675524898,0.770573130408,0.0627018460858,0.0173959156485,0.0440319665239,0.00403151168564,1.02038122673e-07
13,0.239055510503,0.147939199715,0.0304082872898,0.204384958958,0.0593198556677,0.0678943694871,0.235616805499,0.00637177867317,0.00900923420674
14,0.163092307639,0.180212842323,0.0314586190297,0.153725520221,0.0647014880202,0.0976366583981,0.290740266981,0.00737286138607,0.0110594360023
15,0.225907401882,0.150337736575,0.0275546459797,0.199238151727,0.0537099889946,0.0948800859339,0.232136544974,0.00646468944503,0.00977075448809
16,0.0715319392074,0.0561596574034,0.0424159343092,0.631652913844,0.0672441721933,0.035987669627,0.0896712950598,0.0053348775321,1.54082371763e-06
17,0.225599712037,0.150673400705,0.027583409422,0.198742860562,0.0539117603233,0.0945521397334,0.232729421925,0.00647590202159,0.00973139327107
18,0.0288935395641,0.0242794898806,0.0440707056515,0.779202190204,0.0622633827518,0.0162955082548,0.0410655342935,0.00392954786523,1.01534243702e-07
19,0.323741209711,0.00430810169927,0.00803515599809,0.546413792165,0.0600940626153,0.0523214590655,0.00223109989429,0.00272573269032,0.00012938616125
20,0.226584408464,0.149265472754,0.0276080899555,0.200108023348,0.054347697067,0.0955856032513,0.230702730418,0.00647993390812,0.00931804083356
21,0.0610530442938,0.20835990784,0.0244842379412,0.0687259938098,0.0716633691233,0.0854928693642,0.46868664362,0.00839985358806,0.00313408042005
22,0.239189389462,0.170464183913,0.0312058757932,0.121096186068,0.0552705399004,0.076045657941,0.285971378428,0.00657248944695,0.0141842990473
23,0.225599712037,0.150673400705,0.027583409422,0.198742860562,0.0539117603233,0.0945521397334,0.232729421925,0.00647590202159,0.00973139327107
24,0.225599712037,0.150673400705,0.027583409422,0.198742860562,0.0539117603233,0.0945521397334,0.232729421925,0.00647590202159,0.00973139327107
25,0.208230418395,0.162658787333,0.0283423190199,0.149721474684,0.0592613122286,0.0903402992704,0.285930055844,0.00715949906863,0.00835583415518
26,0.152677682616,0.178677674336,0.027606250477,0.145501472769,0.0630227370085,0.0964691674592,0.321786271122,0.00749170789102,0.00676703632042
27,0.232865680221,0.145552645416,0.0306350921757,0.204419785056,0.0578515272753,0.0773164017034,0.23554494589,0.00668240673552,0.00913151552781
28,0.109900419595,0.204843072413,0.0191385108847,0.0787629193482,0.0707644677851,0.106196557593,0.397547048143,0.00801223429761,0.00483476994075
29,0.000840899991657,0.244386118463,0.00112930247078,0.00615139315542,0.069230951982,0.0119384687231,0.65917667127,0.00697371483142,0.000172479112744
30,0.222281486333,0.147750961134,0.0284447585638,0.199989335211,0.0559734490164,0.0911447762534,0.238988378534,0.00639949119056,0.0090273637636
31,0.264271706834,0.103964267188,0.0299551247736,0.250534719425,0.0708927618464,0.113164536058,0.15507450166,0.00665161607327,0.00549076614033
32,0.157228940618,0.205447507824,0.0321060439793,0.036718057694,0.0996652120915,0.0751980878546,0.3774340314,0.00749198930784,0.00871012923108
33,0.136227078224,0.0955367519695,0.0381709632909,0.438522238593,0.0664661005481,0.0631192967447,0.155521261,0.00635117888169,8.51307479187e-05
34,0.0753570828489,0.17302395996,0.0240524616213,0.10521221219,0.0891620267613,0.0510053276394,0.465769800947,0.00644076352693,0.00997636450552
35,0.204611824167,0.164781756444,0.0284634037624,0.17496140551,0.0590460207543,0.0833485770734,0.268061569178,0.00686199470347,0.00986344840704
36,0.15945415609,0.182338054686,0.0264516457933,0.145738308715,0.0643040497119,0.0947029087708,0.310633353585,0.00726627953827,0.0091112431104
37,0.24648478783,0.139764953774,0.0296038194688,0.223488758587,0.0559765263265,0.0818265973466,0.209019033083,0.00631592471971,0.00751959886451
38,0.236806192733,0.0093729765332,0.0456342126233,0.367762377977,0.124694782766,0.165046479316,0.0487856003187,0.00171546391319,0.000181913820131
39,0.166203985281,0.136556695025,0.00113032290621,0.0392601306154,0.0635532605112,0.125821550644,0.452381985483,0.00402323602959,0.0110688335047
40,0.22521846476,0.161881895129,0.023778513376,0.0887258670048,0.0621587542844,0.10731286528,0.316154760337,0.00678730640618,0.00798157342294
41,1.01105110014e-07,0.277563497987,0.000177459279497,1.01105110014e-07,0.0415108872654,1.4950947923e-05,0.680343924482,0.000215721827906,0.000173356000196
42,0.0865974487281,0.233195514629,0.0965482019609,1.13415813559e-07,0.0325604021718,1.13415813559e-07,0.537217384923,0.000400769206498,0.0134800515497
43,0.0715319392074,0.0561596574034,0.0424159343092,0.631652913844,0.0672441721933,0.035987669627,0.0896712950598,0.0053348775321,1.54082371763e-06
44,0.00986815251957,0.298609753932,0.0283253346908,0.0156326787749,0.0931318820459,0.0784190464065,0.454384896402,0.00806093105166,0.0135673241771
45,0.291302011861,0.103096587283,0.02335737746,0.266253211581,0.0759646352907,0.0751002709248,0.147403002893,0.0078872250199,0.00963567768573
46,0.226368464108,0.0804440542975,0.0069439898141,0.00516108949127,0.0902772409652,0.129895745625,0.449145033944,0.00292880387178,0.00883557788328
47,0.0235196711833,0.0856035920112,0.00580219618077,0.510433901379,0.0560429741361,0.024767795809,0.285992294604,0.00372772058251,0.00410985411468
48,0.377266898347,0.0832634825801,0.0346468274687,0.179463087126,0.12076990964,0.181046892328,0.0151296532076,0.00553782334726,0.00287542595494
49,0.246749851987,0.146173328479,0.02236317432,0.300468534883,0.0581087397646,0.0677768794596,0.143886693361,0.00561257340001,0.00886022434448
50,4.71635186066e-05,0.00111923882467,0.000142118094071,0.000289869523883,0.0417550115852,0.00109631261185,9.45380418875e-08,0.0101698664713,0.945380324832
51,0.00865672442983,0.179634673047,0.0491215205019,1.23800605641e-07,0.0895724942653,0.000749386936773,0.667881414864,0.00288313086209,0.00150053129306
52,0.15836082534,0.13247895409,0.0194308930799,0.377701690544,0.0457130541852,0.0622716098585,0.199200809625,0.00194203182754,0.002900131449
53,0.108916317779,0.221626830859,0.0478842837943,0.00145559943277,0.0907317099908,0.0258971237636,0.488321250787,0.00682967603813,0.00833720755563
54,0.138109519783,0.000120915375414,0.0471717507262,0.420556786731,0.201616531304,0.190400789101,0.00184375180731,0.000179303915768,6.51255525306e-07
55,0.245272474726,0.149308122511,0.02368350392,0.268842426772,0.058430317394,0.076539308778,0.162124150413,0.00610820568218,0.00969148980332
56,1.34082205109e-07,0.270055738822,0.00419582567838,1.34082205109e-07,0.0593698406908,0.00124032329383,0.661290334494,0.00162353651714,0.00222413233954
57,0.0865799859682,0.190873401531,0.0222078938422,0.252550999985,0.0460989090218,0.0640163728532,0.318315804948,0.00712676020106,0.0122298716495
58,0.199989640679,0.159353432283,0.0271802148922,0.18482578865,0.0573941231859,0.094668526764,0.259600258826,0.00685172196927,0.0101362927498
59,0.129200230259,0.0924014152452,0.0302272683101,0.571528433458,0.0825060035272,0.0740737816878,0.013467720885,0.00404493239785,0.00255021423016
60,0.0968074735245,0.217771072424,0.0235745474884,0.0591510424876,0.0706448683856,0.0917895006647,0.426875317337,0.00787665900566,0.00550951868286
61,0.227365769718,0.150272989944,0.0278443178731,0.194603044649,0.0539545110058,0.092001740102,0.238136510575,0.00652313327441,0.00929798285915
62,0.181270731421,0.146905888685,0.0161768504919,0.0143382644898,0.0870476277265,0.106436328395,0.435469208561,0.00565931209751,0.00669578813185
63,0.246575977437,0.102427311862,0.0166333784517,0.290127056986,0.0591499432154,0.0607313546262,0.212821005996,0.00655979032545,0.00497418110087
64,0.207869272858,0.140957873217,0.0248948164728,0.279091843767,0.0576921230673,0.0752566121058,0.200744891424,0.00559577769346,0.007896789394
65,0.000472944439265,0.313099574786,0.013526450103,0.00140363372858,0.0904365650375,0.0442891786398,0.52445647801,0.0061196579487,0.00619551730683
66,0.171782837108,0.14058965064,0.0195455406831,0.306559224263,0.0618352628033,0.0715939742167,0.214188315654,0.00629460220964,0.00761059242284
67,0.224270636428,0.151221387231,0.0276011804463,0.197784978912,0.054093385904,0.0946299130448,0.234230696731,0.00649664229192,0.00967117901123
68,0.225599712037,0.150673400705,0.027583409422,0.198742860562,0.0539117603233,0.0945521397334,0.232729421925,0.00647590202159,0.00973139327107
69,0.255773574769,0.132997596358,0.0305569785307,0.239775033716,0.0556832180921,0.0816848181876,0.190298956927,0.00616596208484,0.00706386133489
70,0.24648478783,0.139764953774,0.0296038194688,0.223488758587,0.0559765263265,0.0818265973466,0.209019033083,0.00631592471971,0.00751959886451
71,0.228468742398,0.153929445039,0.0281726799404,0.185660932739,0.0546929568576,0.0950579168652,0.237475647049,0.00656230792099,0.0099793711923
72,0.230610747648,0.1280597435,0.0280027956156,0.286865114608,0.0590159996223,0.0610461881578,0.19493501248,0.00599895418258,0.00546544418526
73,0.239129309016,0.14331512323,0.0285766172449,0.216514228836,0.0508955813497,0.0907856335975,0.21501958798,0.00621206110955,0.00955185763643
74,0.00529307085734,0.143158067227,0.0510616179329,0.00886116805626,0.0851283521776,0.0292689038946,0.664191862897,0.00722548046603,0.005811476492
75,0.253923539573,0.137050537383,0.0304046972521,0.212316618303,0.0645663715524,0.109997732569,0.177640919914,0.00639366884873,0.00770591460368
76,0.225599712037,0.150673400705,0.027583409422,0.198742860562,0.0539117603233,0.0945521397334,0.232729421925,0.00647590202159,0.00973139327107
77,0.229315769161,0.153824323205,0.0231152718741,0.215319840564,0.0571858475133,0.0578129607071,0.247816487935,0.00657665237728,0.00903284666325
78,0.0678451251596,0.120732400284,0.0113939314196,0.375535340339,0.0565890437129,0.0491855003997,0.305939758435,0.0050475334079,0.00773136684274
79,0.250146983061,0.138799811599,0.0297117637312,0.212999585759,0.0591537515991,0.100369900422,0.194590938069,0.00631201402335,0.00791525173642
80,0.225754994266,0.150602451098,0.0275642423801,0.199107919094,0.0537859414319,0.0943747540228,0.232613310601,0.00647062832827,0.00972575877825
81,0.0362449410834,0.177670563753,0.00596692229288,0.000169149169687,0.0536453507598,0.0476911454995,0.671497522325,0.00626678511891,0.000847619997385
82,0.188839224066,0.165513230278,0.0254902963428,0.182085515038,0.0588685021221,0.0998564435971,0.264257382934,0.00691377438371,0.00817563123965
83,0.241055626377,0.144055458231,0.0291830065583,0.219979052762,0.0563297800972,0.0877861673536,0.207062420091,0.00630548034367,0.0082430081863
84,0.192469449311,1.88707600024e-06,0.0115785116678,0.0170852354407,0.536225227883,0.242621600009,1.37449559825e-07,1.78137131206e-05,1.37449559825e-07
85,8.48674307911e-05,0.217636487162,0.000487481781243,0.000935536349636,0.0695462410945,0.0288390037198,0.677431157891,0.00501461977348,2.46047974405e-05
86,0.190404396789,0.101868164252,0.0241300810143,0.320001143919,0.0442399781818,0.159898376357,0.146561761637,0.00509154353876,0.00780455431119
87,0.235783441455,0.144373298847,0.0265505212902,0.227382233215,0.0460069166809,0.0819470600161,0.223597634002,0.00611487645422,0.00824401803984
88,0.250528760276,0.0242121148782,0.0425097387948,0.334324733731,0.104216836803,0.14987774608,0.0909691642328,0.00272659236201,0.000634312841844
89,0.0864279103355,7.10749941246e-06,0.0458502667234,0.4389112297,0.240264301648,0.18819976211,0.000299706630506,3.9608674669e-05,1.06678393277e-07
90,0.108704676053,0.135439946433,0.0462966373526,0.153105841524,0.128255738722,0.0692845042961,0.349612653595,0.00928073018879,1.92718356255e-05
91,0.00158558719227,0.184635580945,0.0261465744291,0.108257354908,0.0201916475381,0.165970065942,0.486409003267,0.00395624006972,0.00284794570896
92,0.331900966701,0.0251559603266,0.0593072728177,0.455041651447,0.076295239917,5.94054503163e-05,0.0432438706901,0.0020320839194,0.00696354873095
93,0.0350388708883,0.160830573631,0.00893185360752,0.320964711446,0.0788612944699,0.00339302079917,0.386143491332,0.00231829040452,0.00351789342115
94,0.331900966701,0.0251559603266,0.0593072728177,0.455041651447,0.076295239917,5.94054503163e-05,0.0432438706901,0.0020320839194,0.00696354873095
95,0.00482234881737,0.251439965019,0.00554137997139,0.020527890956,0.0849844881188,0.0896503242195,0.535029816712,0.00739255059217,0.000611235593747
96,0.16243885495,0.190826988574,0.0282022681706,0.126415129188,0.0677892686682,0.0858523202953,0.320191536503,0.00775032635143,0.0105333073009
97,0.328246086655,0.0843097488908,0.0367625308755,0.363871079199,0.0614395184411,0.0329017724513,0.0856009021743,0.00493242465337,0.00193593665977
98,0.207825509292,0.15956711485,0.0283901269424,0.182333888413,0.0552726830785,0.094602524928,0.255571401146,0.00668221172083,0.00975453962858
99,0.00664625209461,0.204353247161,0.0150216545142,4.90506299403e-05,0.181691990974,0.00885567069563,0.576770520265,0.00422604980945,0.00238556385586
100,0.212949451208,0.012283333498,0.000103686515187,0.692134842715,0.0475773653668,0.0225226844143,0.0109693614423,0.00142445349835,3.48213423309e-05
101,0.237726301459,0.0118435647756,0.044956814938,0.363333428961,0.117862828676,0.159575899098,0.0625343233326,0.00191785730501,0.000248981455041
102,0.26693086992,0.0231107372454,0.00245815672999,0.524929066645,0.05981675017,0.00482096953544,0.113068280406,0.00448342187668,0.000381747471928
103,0.184431320834,0.137481779878,0.0265823962136,0.285492706627,0.0666175392048,0.0494507100307,0.239759081245,0.00629706787496,0.00388739809134
104,0.0759076763362,0.167525608868,0.0332784709207,0.244788590795,0.0564434137277,0.0391148676708,0.373340991305,0.00512220529009,0.00447817508589
105,0.216811110354,0.00495938036805,0.0469957381604,0.39210108271,0.132824221076,0.167528661992,0.0374638365289,0.00123558872171,8.03800883735e-05
106,5.12189241941e-05,0.171614503841,0.00391259456257,0.000116177041153,0.0507912754917,0.0138091865779,0.754272562145,0.005417505608,1.49758084705e-05
107,0.250405480747,0.134243232501,0.0277438717072,0.239163364577,0.0410102495446,0.0981731714675,0.192470359158,0.00571763201024,0.0110726382878
108,0.17461963718,0.173510489676,0.0220277525372,0.0243849956357,0.0943287693583,0.0775760851574,0.419349895602,0.00650535923972,0.00769701561421
109,0.214923488343,0.155060382154,0.0277121631836,0.190986003804,0.0553457780244,0.095162017936,0.244911359617,0.00664054471435,0.00925826222421
110,0.0768714040113,0.120734110596,0.0128428521764,0.384936044236,0.0585412542062,0.0518458342987,0.282158590544,0.00519623045252,0.00687367947937
111,0.267744619674,0.122312779987,0.0137169852024,0.436675442114,0.0608034343115,0.0422819151593,0.0429997747711,0.00488597483713,0.00857907394301
112,0.0668289873837,0.226973486331,0.0206779256343,0.0168900507139,0.101486258865,0.11622804927,0.443794764268,0.00609751532763,0.00102296220622
113,0.22539677812,0.00391074904696,0.0468295137854,0.375865153046,0.146977379332,0.179836896767,0.0200144050154,0.00111187437965,5.72505077649e-05
114,0.333540289148,0.0120883752808,0.0311744619745,0.406342075208,0.116520804187,0.0741794007029,0.0147462296726,0.00493051397376,0.00647784985193
115,0.236681731516,0.144962276702,0.0292518014952,0.217549963862,0.0565071300836,0.0830874749867,0.217999551622,0.00640259764045,0.00755747209125
116,0.225599712037,0.150673400705,0.027583409422,0.198742860562,0.0539117603233,0.0945521397334,0.232729421925,0.00647590202159,0.00973139327107
117,0.0350388708883,0.160830573631,0.00893185360752,0.320964711446,0.0788612944699,0.00339302079917,0.386143491332,0.00231829040452,0.00351789342115
118,0.110196971496,0.123304554032,0.053015954333,0.00505746190593,0.0256806385057,0.00908217917747,0.668081419372,0.00520836386452,0.000372457313291
119,0.0993061973551,0.134812042288,0.0458621744562,0.140863112878,0.136487600429,0.0688134689917,0.364314713994,0.00952556008404,1.51295238858e-05
120,0.204732186647,0.0221000720176,0.00955241487959,0.730306894338,0.00838609116617,0.00344374752779,0.0214230927006,4.89560505463e-06,5.06051180636e-05
121,0.211646148888,0.166393948445,0.0283539000617,0.161652555107,0.058173042727,0.0961583598437,0.261782562334,0.00685850560795,0.00898097698503
122,9.73618142956e-07,0.166472078941,0.00148637037138,3.78714810334e-06,0.0424113861977,0.00430825696401,0.781111879445,0.00420484788282,4.19432759051e-07
123,0.080651874766,0.0745128605146,0.0640868798848,0.00058511752749,0.0123614462234,0.00227470721745,0.761671749906,0.00374644145129,0.000108922508997
124,0.231716565153,0.147996177127,0.0282071998976,0.205856252807,0.0544502525513,0.0906049754867,0.225654998912,0.00644118118744,0.00907239687801
125,0.228264940456,0.150519949745,0.0277982159793,0.202028651913,0.0543426225104,0.093821598425,0.227192648883,0.0064518990677,0.00957947302139
126,0.215634601717,0.162169959402,0.028436209874,0.174061060221,0.0584885251677,0.0905817277487,0.256956955928,0.00692519675874,0.00674576318287
127,9.68979691965e-05,0.11328231582,0.0402043714419,9.78155057976e-08,0.0755306918211,2.43469907643e-06,0.770067514225,0.000666465317521,0.000149210890768
128,0.0417982406651,0.0846651632312,0.00126356180764,8.87301465854e-07,0.0647152118602,0.0971411910034,0.705815402898,0.00452559807922,7.47431533684e-05
129,0.227129646966,0.152739346547,0.0271613224473,0.180860770744,0.054759931957,0.097512179044,0.243693073228,0.00654898695925,0.00959474210738
130,8.54441867354e-07,0.175762036689,8.03384721146e-08,8.03384721146e-08,8.03384721146e-08,0.0364071019335,0.785515479671,0.00214681423786,0.000167472010954
131,0.219884903341,0.153808633027,0.0278887872877,0.195273627348,0.053706363419,0.0927746969983,0.24032243499,0.00651179884254,0.00982875474667
132,0.198802177849,0.170779131977,0.0263484481502,0.138914779803,0.060484164328,0.0841082123028,0.305281567334,0.00699348024369,0.00828803801165
133,0.147178390792,0.182902029365,0.0237226401087,0.145940779775,0.0669842032923,0.102384446776,0.318704601943,0.00744220787352,0.00474070007464
134,0.250528760276,0.0242121148782,0.0425097387948,0.334324733731,0.104216836803,0.14987774608,0.0909691642328,0.00272659236201,0.000634312841844
135,0.225599712037,0.150673400705,0.027583409422,0.198742860562,0.0539117603233,0.0945521397334,0.232729421925,0.00647590202159,0.00973139327107
136,0.115387238995,0.133535014093,0.0169980259511,0.326818564182,0.058850880098,0.0631223899352,0.271833984225,0.00573728005438,0.00771662246659
137,0.0826924574223,0.213626919563,0.0167737689312,0.0690668501579,0.0733615084891,0.10641045378,0.426091395536,0.00812122442343,0.00385542169769
138,0.335179525298,0.0838710025533,0.0365999619041,0.223284245041,0.104915661184,0.161844362861,0.0457246677379,0.00544280604647,0.00313776737402
139,0.331900966701,0.0251559603266,0.0593072728177,0.455041651447,0.076295239917,5.94054503163e-05,0.0432438706901,0.0020320839194,0.00696354873095
140,0.371876297998,0.0149734271369,0.0352076949363,0.160697693091,0.183388025099,0.230018542352,0.00125070360822,0.00232508403001,0.000262531747061
141,0.098035638675,0.146433357279,0.0411651444787,0.305030006468,0.0673534141807,0.0296005304747,0.305314525346,0.00507837223123,0.00198901086647
142,0.280518552815,0.115799159587,0.0375696200684,0.276267079172,0.0664595332822,0.0203373260107,0.187202578022,0.00558078926941,0.0102653617739
143,0.221404006411,0.146133717657,0.0272017995261,0.21077248754,0.0700006403565,0.0641480439817,0.247946443244,0.00706842659274,0.00532443469013
144,0.102847253729,0.207963857943,0.025026481832,0.0365133654265,0.0891887633959,0.109967732284,0.420577084349,0.00687932314849,0.00103613789169
145,0.0625886294981,0.084999313106,0.0462607851513,0.0281650032454,0.0999843949971,0.0341074517273,0.582917480001,0.0107941414458,0.0501828008277
146,0.11970239791,0.188479448538,0.0275969610891,0.119433080848,0.0676041796499,0.0957733980876,0.368166173726,0.00788009978438,0.0053642603671
147,0.00353745555483,0.239378107356,0.00389177169632,0.0148662671947,0.0794297586995,0.0822721419862,0.569512956266,0.00673808567009,0.000373455576943
148,5.42926318193e-06,0.343195791044,0.00987888447626,2.7567831528e-05,0.0879638036215,0.0149725789812,0.532352973653,0.00397872664757,0.0076242444818
149,0.0204538418297,0.0601502862216,0.0316435014101,0.00400156615778,0.124484345254,0.0118058443507,0.713533335064,0.0095360363515,0.0243912433606
150,0.250146983061,0.138799811599,0.0297117637312,0.212999585759,0.0591537515991,0.100369900422,0.194590938069,0.00631201402335,0.00791525173642
151,0.000618122575667,0.00746382601299,8.72737421718e-08,8.72737421718e-08,0.055591686764,0.0532059657112,0.872728416205,2.10528044326e-05,0.0103707553794
152,0.0715319392074,0.0561596574034,0.0424159343092,0.631652913844,0.0672441721933,0.035987669627,0.0896712950598,0.0053348775321,1.54082371763e-06
153,0.210381330838,0.295366242319,8.93956422104e-05,0.116840676032,0.0712653681468,1.34176468716e-07,0.304255406016,0.00105866086994,0.000742785959134
154,0.264271706834,0.103964267188,0.0299551247736,0.250534719425,0.0708927618464,0.113164536058,0.15507450166,0.00665161607327,0.00549076614033
155,0.00496036273293,0.303035955507,0.0266756839071,0.00891790824756,0.094452734124,0.0675815081456,0.473529383747,0.00769590971758,0.0131505538716
156,0.223216385961,0.154582875341,0.0278125767195,0.185413114145,0.0555508109201,0.0945841211385,0.243486621577,0.00649613895489,0.00885735524296
157,0.2264560872,0.150087094636,0.0275041657117,0.199818370692,0.0528565802581,0.0957653737085,0.23117720807,0.00642155408875,0.00991356563457
158,0.250821667831,0.0621548645516,0.0366035169287,0.277595546375,0.0803105441067,0.126749666208,0.159057563168,0.00430179926601,0.00240483156459
159,0.000146122962821,0.185913047183,0.00165438769448,6.22223949142e-06,0.00609635722668,0.0219300460239,0.778715782591,0.00546304342943,7.49906491984e-05
160,0.25755521115,0.143842403296,0.0189467732611,0.34952107174,0.0630271322838,0.0599415684261,0.092096595381,0.005871030522,0.00919821394024
161,0.250950450804,0.0635665927488,0.0364418225672,0.2760097493,0.0798052499672,0.126247218119,0.160146463894,0.00434857240612,0.00248388019432
162,0.225599712037,0.150673400705,0.027583409422,0.198742860562,0.0539117603233,0.0945521397334,0.232729421925,0.00647590202159,0.00973139327107
163,0.147457830947,0.000297173114635,0.0487627496302,0.444874701917,0.174283506648,0.177829284207,0.00620806563208,0.000284538513783,2.14939088714e-06
164,0.225884896258,0.150981442278,0.0274838489308,0.196715818271,0.0536639079035,0.095305163456,0.233725654273,0.00646913066925,0.00977013796068
165,0.238110005555,0.0668424244501,0.00425225024184,0.616897419027,0.0531149438343,0.010175985789,0.00276272308479,0.00251530011605,0.00532894790192
166,0.331488829524,0.0240411755623,0.032667257648,0.381524960766,0.101062929174,0.0827799840233,0.0324010892889,0.00560982429368,0.00842394971961
167,0.222389539483,0.151774714854,0.0278334164704,0.197029451865,0.0549705905074,0.0949741897264,0.235723184005,0.00651415708158,0.00879075600723
168,0.011827617149,0.16529309606,0.015730716137,0.0307078740604,0.100468779776,0.0289310579684,0.631824088386,0.00559192691211,0.00962484355178
169,0.223216385961,0.154582875341,0.0278125767195,0.185413114145,0.0555508109201,0.0945841211385,0.243486621577,0.00649613895489,0.00885735524296
170,0.0735142093516,9.45449439573e-06,0.0479715179787,0.480199313509,0.236737101811,0.160790186527,0.000731478292206,4.6625657257e-05,1.12378856901e-07
171,0.270205960115,0.13187062572,0.0316819692633,0.24455687795,0.056763607862,0.0700998662905,0.182567176264,0.00619738861632,0.00605652791816
172,1.20928531815e-06,0.263503825928,0.0112521298463,7.76132429115e-06,0.0847521322337,0.00727312776268,0.623959269763,0.00339288083098,0.00585766302574
173,0.263659841842,0.0211774200206,0.0432773404843,0.329549939266,0.11451514779,0.161131972044,0.0635692481162,0.00260217023431,0.000516920203507
174,0.238618121107,0.145086170792,0.0288707926095,0.213193996506,0.054955802766,0.0865090521972,0.217949803074,0.00640241769552,0.00841384325282
175,0.0428444966107,0.220885250619,0.0143590268755,0.0889842276451,0.0820287405486,0.105253727673,0.435611612909,0.00824102163805,0.0017918954815
176,0.0233961807988,0.213750645286,0.0204238972911,0.0305367036655,0.0727462308973,0.0701686462185,0.559042644187,0.00829263698014,0.00164241467558
177,0.331900966701,0.0251559603266,0.0593072728177,0.455041651447,0.076295239917,5.94054503163e-05,0.0432438706901,0.0020320839194,0.00696354873095
178,0.00529307085734,0.143158067227,0.0510616179329,0.00886116805626,0.0851283521776,0.0292689038946,0.664191862897,0.00722548046603,0.005811476492
179,0.00776906587473,0.0614395228904,0.00266382675632,0.568857149808,0.0499827796171,0.0129292337732,0.290366328883,0.00268820548312,0.0033038869146
180,0.000900677530801,0.185945702917,0.0086321927358,0.00187358572624,0.0596955012424,0.0303243373241,0.705861192285,0.00663491629957,0.000131893939283
181,0.246749851987,0.146173328479,0.02236317432,0.300468534883,0.0581087397646,0.0677768794596,0.143886693361,0.00561257340001,0.00886022434448
182,0.251176000095,0.144689938099,0.0269069434805,0.258488724374,0.0616969442249,0.0628879871075,0.177000529367,0.00637364793053,0.0107792853221
183,0.080651874766,0.0745128605146,0.0640868798848,0.00058511752749,0.0123614462234,0.00227470721745,0.761671749906,0.00374644145129,0.000108922508997
184,0.00335892409169,0.195143429779,0.011009842948,0.0033838459552,0.0632044986734,0.0417746662277,0.674662937037,0.00711425258679,0.000347602700832
185,0.0715319392074,0.0561596574034,0.0424159343092,0.631652913844,0.0672441721933,0.035987669627,0.0896712950598,0.0053348775321,1.54082371763e-06
186,0.335179525298,0.0838710025533,0.0365999619041,0.223284245041,0.104915661184,0.161844362861,0.0457246677379,0.00544280604647,0.00313776737402
187,0.335179525298,0.0838710025533,0.0365999619041,0.223284245041,0.104915661184,0.161844362861,0.0457246677379,0.00544280604647,0.00313776737402
188,0.0766022699327,0.192289570717,0.0174479375119,0.0422945010273,0.213990185288,0.126842567329,0.323019146039,0.00745985977964,5.39623754331e-05
189,0.0918207106075,0.180511400222,0.0164455307545,0.0015758602297,0.115287879711,0.0678838754826,0.516876823652,0.00640452886184,0.00319339047848
190,0.373250482974,0.0585491056126,0.0396796110701,0.404326942931,0.0546003107286,0.016152126619,0.0486952262187,0.00394913483416,0.0007970590117
191,0.215858963361,0.00461953862679,0.0470806751273,0.39347273375,0.134212240565,0.168382292314,0.0351081928422,0.00119197184223,7.33915718685e-05
192,0.264271706834,0.103964267188,0.0299551247736,0.250534719425,0.0708927618464,0.113164536058,0.15507450166,0.00665161607327,0.00549076614033
193,0.253833877077,0.0635497263834,0.0368681003595,0.278119879893,0.0819602027002,0.128824155134,0.150248660594,0.00427563231995,0.00231976553905
194,0.331900966701,0.0251559603266,0.0593072728177,0.455041651447,0.076295239917,5.94054503163e-05,0.0432438706901,0.0020320839194,0.00696354873095
195,0.100535133442,0.234857765552,0.042662962625,0.00432075513588,0.0841812221039,0.041765500145,0.475504225119,0.00737047212625,0.00880196375137
196,0.262012353617,0.0500984608594,0.0389105877772,0.292994088094,0.0907339450572,0.138800646538,0.120921373509,0.00387471889576,0.00165382565122
197,0.0964089919402,0.0703286443152,0.0411753052715,0.555631840096,0.0679634892492,0.046613674568,0.11602833205,0.00584093735849,8.7851515561e-06
198,0.225599712037,0.150673400705,0.027583409422,0.198742860562,0.0539117603233,0.0945521397334,0.232729421925,0.00647590202159,0.00973139327107
199,0.118909061071,0.114043266817,0.244863978481,0.353565475977,0.136658343948,0.0123169923917,0.0132463800492,0.00627018372045,0.000126317543909
200,0.0562870127285,0.214291384456,0.0162069245273,0.106061822207,0.0799834215971,0.105974544535,0.410814381717,0.00818732801983,0.00219318021209
201,0.229395927002,0.15700921225,0.0247743532239,0.18932012385,0.0557165882351,0.0794161639871,0.246506946959,0.0068660736126,0.0109946108806
202,0.221821504923,0.154515722758,0.0145956890821,0.145202409109,0.0590372250111,0.102866284158,0.285679928121,0.00611497496837,0.0101662618687
203,0.24648478783,0.139764953774,0.0296038194688,0.223488758587,0.0559765263265,0.0818265973466,0.209019033083,0.00631592471971,0.00751959886451
204,0.00597075520096,0.234685610598,0.00941113078213,0.000338533489172,0.127482633513,0.0939261437079,0.524506945171,0.00366540032547,1.28472126485e-05
205,0.0416125483195,0.2231089482,0.00169214562644,2.40449713158e-06,0.000423804935372,0.0848893833804,0.636818732355,0.00827176177013,0.00318027091595
206,0.181031272908,0.182995208703,0.020359869978,0.0305418746141,0.0609294746436,0.0893407658475,0.421515990273,0.00721413818866,0.00607140484409
207,0.238179786771,0.144162786306,0.0259555841508,0.230083907304,0.0440824441943,0.0804809763361,0.221770847862,0.00602987673081,0.00925379034454
208,0.0199274570952,0.174879875513,0.0412329785729,0.149482559297,0.0589203257216,0.0301851181209,0.520396967625,0.00433548576731,0.000639232286867
209,0.0286660162245,0.0358752868839,0.0680387507004,1.91602619993e-05,0.00404989550837,0.000240269785893,0.861047595302,0.00205468658673,8.33874605584e-06
210,0.0872478149014,0.203249943089,0.025815662864,0.0856691993102,0.0685848793899,0.0926282211365,0.424285796726,0.0083197059258,0.00419877665708
211,0.000791383891206,1.98804449716e-05,4.21643494044e-07,0.0142078667563,0.431982692867,0.0124403145122,6.97824969962e-06,0.00685515679182,0.533695304843
212,0.0363468601175,0.21991541039,0.00113682491689,1.59397454575e-06,0.000303705658788,0.142768508007,0.582248915146,0.00710698379656,0.0101711979925
213,0.183567745481,0.166311054055,0.0292168805645,0.15063525138,0.0608285956478,0.0937800316196,0.299538885029,0.00713252528082,0.00898903094262
214,0.233486958198,0.107773308855,0.024299632897,0.28812260795,0.0501450734153,0.143126812061,0.146999109248,0.00514750698706,0.000898990388442
215,0.22781568249,0.154324021538,0.027048293667,0.173623629986,0.0558886692792,0.0978681361253,0.247524989188,0.00665336916766,0.00925320855822
216,0.229315769161,0.153824323205,0.0231152718741,0.215319840564,0.0571858475133,0.0578129607071,0.247816487935,0.00657665237728,0.00903284666325
217,0.0605707126774,0.186721171588,0.00998649800852,0.00150049506758,0.0600572197978,0.0613268040119,0.610998019796,0.00715323881301,0.00168584023944
218,0.00335892409169,0.195143429779,0.011009842948,0.0033838459552,0.0632044986734,0.0417746662277,0.674662937037,0.00711425258679,0.000347602700832
219,0.0565904914432,0.227599564476,0.0366377776795,0.0652526574554,0.0829052983868,0.0858000404835,0.423829527279,0.00845882524679,0.0129258175499
220,0.0455664967596,0.215646261125,0.0491120131266,5.24907051024e-05,0.0892491229925,0.00767739191298,0.583872988855,0.005160741654,0.00366249286934
221,0.25231992648,0.0583712868291,0.0377616639018,0.284192909832,0.0841741043536,0.125908991206,0.151117122835,0.00409898932718,0.00205500523572
222,0.253564859879,0.129512146067,0.0281686073262,0.249104849414,0.0489691380018,0.10043214897,0.175880712355,0.00576502996905,0.00860250801828
223,0.364829940594,0.00608041327104,0.0316854908229,0.122155078103,0.221101548856,0.252421064851,0.000193036743625,0.00145643206709,7.69946907496e-05
224,0.370598955424,0.0408504696283,0.0370806225937,0.195078932074,0.143332162019,0.200197806046,0.00798835795511,0.00383704509637,0.00103564916277
225,0.268239138778,0.123446018282,0.0371610818421,0.245888971202,0.0788511854998,0.0485467034494,0.189599526423,0.00648803814809,0.00177933637552
226,0.18416502122,0.183422013308,0.0217487086859,0.0474022601977,0.0611759874522,0.0924701730589,0.395881827582,0.00711192379865,0.00662208469626
227,0.0121720659309,0.185428938043,0.00418570482164,9.19327161284e-06,0.105337590547,0.199492544216,0.477560022342,0.00561161974136,0.0102023210853
228,0.0368190508476,0.217742907078,0.000777836706822,4.57356066749e-07,0.000151351265523,0.150083335838,0.57435913104,0.0067859397461,0.0132799901218
229,0.164395373321,0.181515732664,0.0222661539162,0.118009052495,0.0614635133467,0.103697902631,0.333113753873,0.00732325567006,0.00821526208366
230,0.359197931153,0.0439577830158,0.0380278627442,0.212200042482,0.135975259206,0.192850789474,0.0126600163757,0.00396329558997,0.00116701995903
231,0.245064993747,0.210765822525,0.0271742927826,0.284296089572,0.0441013356157,0.0537218869366,0.128902441547,0.00524887056423,0.000724266709798
232,0.230701855308,0.00190568491298,0.0127727329556,0.368590774437,0.12779196836,0.253779285364,0.00203833092815,0.00241873322018,6.34513945269e-07
233,0.311521285991,0.00821103540808,0.0322637037287,0.420076833299,0.18029945052,0.0255051090912,0.0113612133981,0.00540478495295,0.00535658361086
234,0.22539677812,0.00391074904696,0.0468295137854,0.375865153046,0.146977379332,0.179836896767,0.0200144050154,0.00111187437965,5.72505077649e-05
235,0.225742608283,0.150948458894,0.0275621785812,0.197385930619,0.053954339507,0.0945215322085,0.233698299919,0.00647826855417,0.00970838343331
236,0.00625394780025,0.117278649566,0.0514066047501,0.00864467459108,0.0838544651367,0.00731208044822,0.714010397566,0.00640374490066,0.00483543524111
237,0.00158558719227,0.184635580945,0.0261465744291,0.108257354908,0.0201916475381,0.165970065942,0.486409003267,0.00395624006972,0.00284794570896
238,0.208820653396,0.00260583671548,0.0475150431977,0.393926883348,0.149535942081,0.178055493961,0.0186097274279,0.000896103268149,3.43166052657e-05
239,0.196220564325,0.148504092184,0.00385080473727,0.0765575984822,0.0626252851517,0.118590255023,0.377578694038,0.00502075677196,0.0110519492871
240,0.229782872597,0.149131578761,0.0279602167317,0.202463879141,0.054181226449,0.0922292721888,0.228459350456,0.00645891589017,0.00933268778611
241,0.000391378433807,0.232032510203,0.00138074894989,0.00429380634017,0.0751239221805,0.0672799229512,0.613748933597,0.0056734226378,7.5354706738e-05
242,0.137096386646,0.178991326459,0.0289546010771,0.129051080134,0.0692895252959,0.0935677956728,0.350720626139,0.00771318921278,0.00461546936327
243,0.0446225961723,0.21128512109,0.0227577030168,0.0505034578488,0.0724172280375,0.0798301498274,0.507687824681,0.00841681712704,0.00247910219859
244,0.225599712037,0.150673400705,0.027583409422,0.198742860562,0.0539117603233,0.0945521397334,0.232729421925,0.00647590202159,0.00973139327107
245,0.189145227553,0.165947218682,0.0259336656802,0.183048924526,0.0581614245584,0.100118580225,0.262009386095,0.00688427143848,0.00875130124236
246,0.521166334023,0.117683007622,0.0461584137465,0.169976079007,0.0461008103227,0.0145248947562,0.0793719184042,0.0049990465981,1.94955203344e-05
247,0.445644270646,0.0125838841421,0.0190704494735,0.0370099504168,0.226133511193,0.257399892367,7.90932806774e-06,0.00197871248035,0.000171419952995
248,0.0320401973142,0.159754761287,0.0084831589446,0.323039870583,0.0792453079196,0.00295435866502,0.388916324827,0.00221034165518,0.00335567880413
249,0.203792834474,0.159487079303,0.0276028915842,0.18299749889,0.0545751987979,0.0984251875569,0.257454968428,0.00671766491503,0.00894667605131
250,0.0397762913638,0.230670109701,0.00137859651255,3.81634260353e-06,0.00048058470488,0.127440797801,0.582490011539,0.00748905903049,0.0102707330046
251,0.229134293087,0.155124674696,0.02191218822,0.222232509921,0.0573010919714,0.0490658026292,0.248328763852,0.00695636283788,0.00994431278559
252,0.150747219725,0.00210121072386,1.85430287775e-07,0.704421436681,0.108879248832,0.0195223271852,0.0140703719673,0.000256770582129,1.22887329075e-06
253,0.225599712037,0.150673400705,0.027583409422,0.198742860562,0.0539117603233,0.0945521397334,0.232729421925,0.00647590202159,0.00973139327107
254,0.225599712037,0.150673400705,0.027583409422,0.198742860562,0.0539117603233,0.0945521397334,0.232729421925,0.00647590202159,0.00973139327107
255,0.213436498228,0.150170394298,0.0238974519912,0.193636086832,0.0550268849754,0.0928541918564,0.255538580731,0.00630000505397,0.00913990603331
256,0.225994337387,0.00712215488898,0.0462732873846,0.381087064739,0.126836978383,0.164704770746,0.046367393896,0.00148550777477,0.000128504799839
257,0.313884388553,0.00164032516246,0.00515892023991,0.584885645431,0.0530798125654,0.0387143790444,0.000574015719912,0.00201863334414,4.38799399151e-05
258,0.136227078224,0.0955367519695,0.0381709632909,0.438522238593,0.0664661005481,0.0631192967447,0.155521261,0.00635117888169,8.51307479187e-05
259,0.225599712037,0.150673400705,0.027583409422,0.198742860562,0.0539117603233,0.0945521397334,0.232729421925,0.00647590202159,0.00973139327107
260,0.359197931153,0.0439577830158,0.0380278627442,0.212200042482,0.135975259206,0.192850789474,0.0126600163757,0.00396329558997,0.00116701995903
261,0.177507241956,0.192131202617,0.0247130416765,0.128736369519,0.050226771976,0.103139624139,0.301881932452,0.00735526238341,0.014308553281
262,0.231716565153,0.147996177127,0.0282071998976,0.205856252807,0.0544502525513,0.0906049754867,0.225654998912,0.00644118118744,0.00907239687801
263,0.000297468992766,0.222314859179,0.020319613496,0.0818502094991,0.0141580299626,0.0860103616845,0.570394665434,0.00309656009681,0.00155823165459
264,1.34537210322e-07,0.252853727689,0.00746145188022,4.73721734045e-07,0.0781740920735,0.00311646742327,0.65166856852,0.00240582441969,0.00431925973558
265,0.249941211689,0.0286943206208,0.041607655807,0.326886512051,0.0993403577488,0.145294212962,0.104490856055,0.00294663732738,0.000798235739445
266,0.144180229557,0.261781929686,0.0137071061184,0.10582831234,0.0747312815165,0.00539687471258,0.379270383185,0.00629702326709,0.00880685961661
267,4.93587248065e-08,2.38604865481e-05,0.0370976801647,3.97288530368e-08,0.160124932771,3.68023860005e-07,0.397283375719,0.0104064179849,0.395063275762
268,0.0179637188592,0.202955926558,0.0310160584701,0.176664037445,0.0355361250807,0.15480341748,0.369957037569,0.00560772930441,0.00549594923399
269,0.22847524092,0.149221843536,0.0276688669802,0.202721279529,0.0528571455479,0.0943058284741,0.228624968163,0.00641055816353,0.00971426868586
270,0.0781897362457,7.80674652407e-06,0.0477518813742,0.477347988084,0.222001046785,0.173921484684,0.000738353949828,4.15987976782e-05,1.03332971378e-07
271,0.00776510576961,0.203896982075,0.0155597561231,0.0120075927105,0.0695574574782,0.0556199510955,0.62720875124,0.00769442870218,0.000689974805247
