ID,class1,class2,class3,class4,class5,class6,class7,class8,class9
0,0.0319953778099,0.225277469858,0.0227474534894,0.00152887983215,0.10866939602,0.117923905513,0.488175667386,0.0014103667141,0.00227148337739
1,0.186456105558,0.132077366011,0.024973767253,0.218154842616,0.0670078857562,0.0854626202397,0.27089452226,0.00714284200832,0.0078300482962
2,0.185388920462,0.151963681469,0.0280070598905,0.0609081127968,0.0739468001954,0.101954732567,0.380614893209,0.00841212652466,0.00880367288577
3,0.181065679283,0.129026391505,0.0244285313031,0.205565896684,0.0652842017432,0.0832052931833,0.296801586322,0.00694848700598,0.00767393297072
4,0.161026822242,0.124490847428,0.0224628991061,0.213132555238,0.0611067276214,0.0781258384396,0.326105905075,0.00662403095976,0.00692437388968
5,0.184952572949,0.134390002682,0.0254309700023,0.208150035315,0.0660409926481,0.0842201077913,0.281810569331,0.00703060570196,0.00797414358061
6,0.109979614866,0.144752780297,0.0307911185145,0.0627430029382,0.0687859928604,0.0790569590244,0.489271444668,0.00625172611331,0.0083673607193
7,0.182133605823,0.128392002288,0.0239949582775,0.233683455589,0.0642770163858,0.0822895735847,0.271049627437,0.00675681186035,0.00742294875408
8,0.182073334354,0.134245708488,0.025241829493,0.205204313742,0.0676234868189,0.0856408409027,0.285323267698,0.00718218987836,0.00746502862465
9,0.188376835766,0.143499373621,0.0262874294744,0.144012925505,0.0705498296672,0.0870414081812,0.326443277648,0.00601416034456,0.00777475979271
10,0.174696836984,0.134338446242,0.0259010584634,0.181468835919,0.0679268993371,0.0857970598007,0.314872139256,0.00714777351705,0.00785095048095
11,0.179053160474,0.139201186032,0.026076243416,0.195492001885,0.070646034087,0.0895186348178,0.284936669592,0.00733244642848,0.00774362326803
12,0.186552631389,0.13199614157,0.02497573697,0.218204546428,0.0669641510183,0.0854166001129,0.270914308539,0.00714180465016,0.00783407932302
13,0.159209733058,0.143234249501,0.0261726380123,0.172828682884,0.0719183051628,0.0881101718744,0.325642967078,0.00663105429123,0.00625219813785
14,0.173474315653,0.139023317541,0.0256007251888,0.194487375387,0.0701391681639,0.0873956519919,0.297249038251,0.00608531691373,0.00654509091
15,0.177128380571,0.14088145965,0.0264970023344,0.155363277573,0.0707644097418,0.0901519132716,0.323993983556,0.00746524772584,0.00775432557709
16,0.187832308626,0.132720038336,0.0251642892968,0.219207093902,0.0675116522144,0.0860061773207,0.266435781677,0.00716582693033,0.00795683169834
17,0.0271915177155,0.145700991286,0.0227518445657,0.0979906274545,0.0375121196486,0.0843214551121,0.573282073329,0.00221022982953,0.00903914105924
18,0.186585714917,0.132068444467,0.0249954976341,0.218016756267,0.0670091844168,0.0854678096766,0.270871195142,0.00714450412773,0.00784089335226
19,0.132005791611,0.143396690408,0.0291240218388,0.0952315480622,0.0691640276212,0.0819354634777,0.434390993972,0.00662248537711,0.00812897763089
20,0.186585714917,0.132068444467,0.0249954976341,0.218016756267,0.0670091844168,0.0854678096766,0.270871195142,0.00714450412773,0.00784089335226
21,0.186585714917,0.132068444467,0.0249954976341,0.218016756267,0.0670091844168,0.0854678096766,0.270871195142,0.00714450412773,0.00784089335226
22,0.19006435707,0.134085107812,0.0262833701958,0.228680303866,0.0707397744542,0.0879656456118,0.245426916226,0.00756734743287,0.00918717733131
23,0.177216668141,0.135883527371,0.0252329589839,0.180315858712,0.0672640114232,0.0861202301736,0.31300270636,0.00715704347883,0.00780699535637
24,0.112439577941,0.169884721281,0.0372335503089,0.0278252532776,0.0897625575267,0.0853177994713,0.461412910985,0.00646430894674,0.00965932026175
25,0.186499486819,0.131925314508,0.0249552256542,0.218318147943,0.0669172171192,0.0853609885438,0.27105826655,0.00713869007552,0.0078266627874
26,0.189104811176,0.145776400249,0.0274027244431,0.168631718148,0.0729887674404,0.0910965936281,0.289744782768,0.00774662827529,0.00750757387333
27,0.0205878738367,0.241831701538,0.0420255085864,3.0131869954e-05,0.0823803085462,0.0774246583204,0.517428785197,0.0069214445063,0.0113695875982
28,0.0227043227146,0.0804385222024,0.020338868879,0.00217568701003,0.0272469346177,0.0628139533608,0.772150753096,0.0048512262516,0.00727973186746
29,0.167376384686,0.13738186329,0.0253617010389,0.198485261319,0.0683542801331,0.087652448288,0.301474036088,0.00640414337422,0.00750988178263
30,0.015173530327,0.251521281375,0.0425616046498,6.64641443572e-06,0.0778884931594,0.0747107792112,0.519656407596,0.00696489379836,0.0115163634685
31,0.182983533959,0.131933106616,0.024887943374,0.208873596012,0.0662225075031,0.0844953096171,0.285749983301,0.00704999033527,0.00780402928225
32,0.133410962744,0.164058279276,0.0299412924931,0.00311488217409,0.0768848089357,0.0967841922619,0.480320915068,0.00748030715749,0.00800435989079
33,0.187408745181,0.13202736496,0.0250146525055,0.225444096002,0.0670813928528,0.0855452708297,0.262428439542,0.00711793067141,0.00793210745518
34,0.181605537846,0.133328826621,0.0247911534985,0.211850198292,0.0674295093091,0.0846011669315,0.282846255061,0.00614579497443,0.00740155746545
35,0.185268993709,0.131918325566,0.0249185632415,0.214209567591,0.0666226476693,0.085001873822,0.277130085758,0.00710386662153,0.00782607602165
36,0.180173546844,0.132805197028,0.0250469886542,0.223631967005,0.0668347069146,0.0856485296933,0.271139682842,0.00687540876391,0.00784397225546
37,0.216149643579,0.153638030676,0.0287693924926,0.210406704412,0.0765729043204,0.100987411736,0.196789823871,0.00774740975852,0.00893867915269
38,0.188907261143,0.141725540097,0.0262906784945,0.176749823562,0.0665758978337,0.0908494762133,0.294386600727,0.00694761890804,0.00756710302084
39,0.190086751363,0.134747638572,0.025518089938,0.220719980686,0.0687435098266,0.0866181297775,0.25833127001,0.00734828772345,0.00788634210405
40,0.161180658204,0.140247217714,0.0231518365704,0.140137140896,0.0731502751311,0.083591571322,0.370234395832,0.00274101223878,0.00556589209103
41,0.182698150967,0.134591094189,0.025561033828,0.213415374674,0.0687222209023,0.0868406123362,0.273312832279,0.00713252063196,0.00772616019373
42,0.186684061392,0.132080178431,0.0249958357954,0.218341259692,0.0670160876131,0.0854661316598,0.270430596396,0.00714672324244,0.007839125779
43,0.181395079406,0.140612346073,0.0263318718277,0.157830784325,0.0693061968784,0.0884099518143,0.320879449016,0.00723672362751,0.00799759703295
44,0.160428339296,0.171316118014,0.0344261813817,0.0144920889417,0.0987760808693,0.1104791708,0.392402141532,0.00918373779645,0.00849614136901
45,0.188442634088,0.142475985235,0.0267127399961,0.101433984355,0.0729759190615,0.0900583851252,0.362608700664,0.0073313057472,0.00796034572743
46,0.184972789996,0.132319832233,0.0249569755741,0.210073991735,0.0666791520929,0.0850810060509,0.280973187579,0.00711224907178,0.0078308156671
47,0.218995564053,0.139088916308,0.0326069767157,0.220372377253,0.084818561053,0.104766112791,0.181992670339,0.0077248604623,0.00963396102495
48,0.186585714917,0.132068444467,0.0249954976341,0.218016756267,0.0670091844168,0.0854678096766,0.270871195142,0.00714450412773,0.00784089335226
49,0.166995708523,0.142986259137,0.0280901350206,0.152932870171,0.0733179241533,0.0772067368313,0.343390188894,0.00659868831651,0.00848148895331
50,0.197770113296,0.138930403565,0.0265783625415,0.22527356157,0.0705920844878,0.0887338292259,0.236359661493,0.00748106798018,0.00828091584094
51,0.0766684957594,0.147591364377,0.0369727356206,1.26060363731e-07,0.0955038068312,0.0133836929755,0.591771890894,0.00983810353625,0.0282697839458
52,0.148539280821,0.155041116096,0.0276163795382,0.0993938515935,0.0730722674462,0.0914542749225,0.388792446198,0.00801181043445,0.00807857295
53,0.188748541574,0.133034639692,0.0253954319787,0.219220618486,0.0679975201485,0.0867383960488,0.263719855646,0.00717847725195,0.00796651917323
54,0.18144735638,0.134239022869,0.0253479880369,0.209834801313,0.0682128645044,0.0862437260064,0.279926585095,0.00710776904263,0.00763988675207
55,0.183495387495,0.130567070064,0.0245945683352,0.216140983877,0.0655218351427,0.0833413707906,0.281478794881,0.00698789732844,0.0078720920862
56,0.181024944695,0.133978822817,0.0254311804224,0.191135102173,0.067835112922,0.086313033115,0.299144350559,0.00716307564059,0.00797437765561
57,0.00712790220331,0.244769288585,0.0188872600083,4.34916046808e-05,0.114858224011,0.129022142207,0.483313593481,0.00086794186645,0.00111015603269
58,0.207417789775,0.194736763755,0.0420808089089,0.0020689352444,0.102712700201,0.0687844591832,0.353801375922,0.0103512443572,0.0180459226529
59,0.181351860783,0.135742489818,0.0261776395688,0.211833345722,0.0701020831559,0.0872825363831,0.271942704859,0.00721217747269,0.008355162238
60,0.184668976683,0.136721405886,0.0268876251312,0.22892768344,0.0723134675579,0.0902976841016,0.245149863905,0.00722471961384,0.007808573682
61,0.191516509142,0.132390587541,0.0302609184076,0.245558767615,0.0797423598124,0.0989668584972,0.205487740833,0.00716149910153,0.00891475904965
62,0.18176477202,0.14325220921,0.0270116205454,0.168488551642,0.0725938603894,0.0896719244926,0.301295250026,0.007403153268,0.00851865840668
63,0.176354799329,0.133800360987,0.0253093352848,0.210492421032,0.0676850547515,0.0856170526348,0.285798728784,0.00701102322261,0.00793122397457
64,0.186585714917,0.132068444467,0.0249954976341,0.218016756267,0.0670091844168,0.0854678096766,0.270871195142,0.00714450412773,0.00784089335226
65,0.18511565304,0.136183673476,0.0257276153013,0.206304591151,0.0692500683676,0.0854071751583,0.277195036783,0.00727920054239,0.00753698618
66,0.150756605163,0.16069421777,0.027708850837,0.14416450183,0.080190553783,0.0979621146733,0.327001502347,0.0049443021017,0.00657735149444
67,0.183906512448,0.136549995267,0.0255955149918,0.203257117574,0.0691304824027,0.0883912661651,0.277919707666,0.00736001969861,0.00788938378756
68,0.144034234991,0.137513519751,0.0266543307484,0.0979432118296,0.0715581625499,0.085513053873,0.421758183948,0.00666602003533,0.00835928227407
69,0.18338211004,0.13428691546,0.0255895557888,0.205854824624,0.0682742453831,0.0840523927897,0.283536167617,0.0070542159538,0.00796957234354
70,0.184357382823,0.127330228591,0.0236772362439,0.230022559548,0.0640602540409,0.0820261718022,0.274180209614,0.00696802869231,0.00737792864411
71,0.124780975544,0.103707519882,0.0223149691998,0.0437773102812,0.0576761100656,0.071377290085,0.564259553833,0.00580330678071,0.00630296432918
72,0.230627936641,0.0225401311433,0.0348377651379,0.400893719263,0.132989019894,0.166613231548,1.69824706726e-07,0.00261677094285,0.00888125560539
73,0.177269585692,0.13738680498,0.0261113244323,0.189744568468,0.0698561726932,0.086279131942,0.298491120229,0.00711092950917,0.00775036205337
74,0.185849751487,0.141879226239,0.0268939153568,0.155189632021,0.0710242010972,0.0856059647569,0.317588572842,0.0074818497158,0.00848688648319
75,0.0848064362989,0.174525703632,0.0347686015277,0.00874338027091,0.0915087058185,0.0965644154284,0.491957288589,0.00691891755237,0.0102065508826
76,0.183474858205,0.132283436199,0.0249212552116,0.205371367377,0.0663749346698,0.0846481365998,0.288028657901,0.0070675624279,0.00782979140965
77,0.186379595811,0.132571717054,0.0249962904897,0.218784602702,0.0671414494453,0.085922628266,0.269218814846,0.00712912589952,0.00785577548549
78,0.186585714917,0.132068444467,0.0249954976341,0.218016756267,0.0670091844168,0.0854678096766,0.270871195142,0.00714450412773,0.00784089335226
79,0.149148642283,0.141411618551,0.0277356883072,0.10520384409,0.0681462347229,0.0830782724006,0.410279440035,0.00684852653876,0.00814773307244
80,0.186552205727,0.132017214885,0.0249815065077,0.218102224667,0.0669758671584,0.0854286478582,0.270964019951,0.00714224953232,0.00783606371388
81,0.186555840077,0.131988619565,0.0249732563419,0.21821076678,0.0669640654381,0.0854079026377,0.270925304536,0.00714233623568,0.0078319083887
82,0.255920104048,0.0722847895871,0.0383520334945,0.331846302026,0.104458291878,0.11820598204,0.0622154067875,0.00625058696252,0.0104665031766
83,0.191585287396,0.136343918622,0.0258197479751,0.2187077933,0.0680938302895,0.0886295799529,0.255949836435,0.00671719237027,0.00815281365936
84,0.117240945191,0.165789669653,0.0311264840269,0.0203426637526,0.0822206827976,0.0940813931562,0.474432026473,0.00730804316148,0.00745809178792
85,0.183671781277,0.144723656582,0.026822763841,0.169535684128,0.072592973338,0.0933478769531,0.293467080243,0.00773873897173,0.00809944466681
86,0.184945620676,0.143171102759,0.0271733121555,0.154714933616,0.0725732249348,0.0854806086178,0.316494813758,0.00761714848959,0.00782923499359
87,0.147810629239,0.142464682435,0.0260246579562,0.161471985826,0.0695711283467,0.0837080757028,0.356776162539,0.00705478053778,0.0051178974169
88,0.0848747845298,0.201366218676,0.0368090926567,0.00468958607383,0.0849666212819,0.0862371704685,0.482999515296,0.00749232111083,0.0105646899062
89,0.200475914398,0.143450768071,0.0374044184779,0.280817177792,0.102116713111,0.104244842473,0.0918437306346,0.0106308060809,0.0290156289613
90,0.186585103748,0.132067107686,0.0249951323181,0.218020228775,0.0670083517754,0.0854668630376,0.270871991044,0.00714445421924,0.00784076739704
91,0.185335772227,0.132228873498,0.0249824198646,0.211542634331,0.0667806961559,0.0849851536643,0.279210630024,0.00711181146174,0.00782200877346
92,0.154274809397,0.138695307723,0.028441490917,0.123865052352,0.0711238397039,0.0873426660466,0.381230006089,0.00711920780816,0.00790761996354
93,2.54437975521e-05,0.199007414925,0.0325271019521,1.30497968629e-07,0.0311852660433,0.0094185099813,0.720775091281,0.000964212674439,0.0060968288474
94,0.184241275792,0.132596862611,0.0248325819106,0.209968904122,0.0670594608925,0.0849778267992,0.281951809138,0.00669963322747,0.00767164550649
95,0.187263755799,0.13754371056,0.0265414325447,0.198939977382,0.0717617123915,0.0909354340751,0.2715036896,0.00742127348541,0.00808901416297
96,0.16386019663,0.157630276452,0.0297185134199,0.108608939293,0.0801443711275,0.0992133092543,0.343906428983,0.00780801380117,0.0091099510381
97,0.181070411583,0.137545818093,0.0254674582607,0.190974654904,0.0692549953518,0.0879848766145,0.293063267414,0.00691422643213,0.00772429134705
98,0.18167112609,0.130908534863,0.0249455429883,0.206442368591,0.0668226827486,0.0849920335676,0.289345041344,0.00704752094638,0.00782514886016
99,0.174439419053,0.134777189863,0.0255738632713,0.206440982318,0.0692820028551,0.0833372103318,0.291458710572,0.0069366713685,0.00775395036611
100,0.195935285103,0.141855140514,0.0273119108855,0.160987677486,0.072930247276,0.0922805115275,0.292645120028,0.00767778448178,0.00837632269789
101,0.185524590945,0.132852584302,0.0249142472529,0.213441595475,0.0674832226049,0.0855026887375,0.275849403885,0.0067459362206,0.00768573057726
102,0.131323337269,0.183206323201,0.0299506607918,0.0583143056505,0.0932955250836,0.116361770824,0.374875705936,0.00595360032985,0.00671877091403
103,0.127443536097,0.155138426615,0.0288915266921,0.11912590446,0.0797335439351,0.0922134317904,0.385058310701,0.00651425143703,0.00588106827263
104,0.142585594175,0.113130816731,0.0216759307591,0.260165075986,0.0600863613537,0.0723682467977,0.317672281851,0.00640226705367,0.00591342529299
105,0.134677722748,0.170434268296,0.0301975923255,0.0458600078098,0.0853266137538,0.109544561087,0.406292329795,0.00839522495469,0.00927167922995
106,0.193395219653,0.14481169721,0.0273288878748,0.14511138042,0.0735211001059,0.0880135637576,0.311998684742,0.00778612779871,0.00803333843871
107,0.179799132075,0.1327551645,0.0250104115593,0.221173641055,0.0660377714881,0.0857519169177,0.275069964133,0.00691001303565,0.00749198523568
108,0.13254045647,0.164155131715,0.0323344570504,0.0426503969409,0.0850006978395,0.0971389598763,0.42889497272,0.00740221313599,0.0098827142514
109,0.185911480128,0.132368139861,0.0249711313144,0.212900434509,0.0669056921519,0.0854356366512,0.276536579812,0.00714302500264,0.00782788056976
110,0.160632819897,0.132829019239,0.0243059028703,0.170089713871,0.0675718370205,0.0838242907843,0.347491745512,0.00645505404692,0.00679961675804
111,0.184605280528,0.132796642035,0.0249946794332,0.20566396675,0.0667545835563,0.0851991851642,0.285024941974,0.00712742210198,0.00783329845706
112,0.103670608322,0.168949727646,0.0293066674428,0.00586000821688,0.0741934569167,0.10142690803,0.502380527446,0.00629729395527,0.0079148020243
113,0.18160346343,0.134638945808,0.0222631100141,0.217159427546,0.0615610435979,0.0867643356452,0.281713789644,0.00713952276454,0.00715636155068
114,0.230112536513,0.0890552682495,0.0266320364347,0.528380178175,0.0676600911934,0.047971646013,9.3953221782e-07,0.00651275442361,0.00367454946577
115,0.189652162411,0.129418225565,0.0265904100059,0.228603808871,0.0708693822195,0.089194913565,0.250588757207,0.00711643510249,0.00796590505349
116,0.180256421537,0.133314362187,0.0249136562707,0.196813654614,0.0666015252046,0.0862411564341,0.297585329333,0.00665025799402,0.00762363642572
117,0.189517167169,0.130444430065,0.0263456210133,0.232366851778,0.0699009644685,0.088976342202,0.247306361752,0.00705761076895,0.00808465078315
118,0.191067106526,0.127725803544,0.0243576796821,0.242478024508,0.0660603605343,0.0845126560024,0.249254665121,0.00700157404497,0.0075421300362
119,0.0998919546847,0.200447675009,0.0376287856304,0.00918689601619,0.0871489323318,0.089089823687,0.457714549428,0.00788593985529,0.0110054433567
120,0.210071330523,0.148686122959,0.0283389175574,0.162117273439,0.0741021573066,0.0977174907568,0.259742564626,0.00994926892191,0.00927487390939
121,0.246582659976,0.10854181033,0.0338657643605,0.314455124741,0.0940774867395,0.11489536773,0.0703130879873,0.00731563438971,0.00995306374667
122,0.18526223257,0.134575728932,0.0254647896405,0.206667426385,0.0661512717332,0.0841848931918,0.282658615558,0.00704534505669,0.00798969693289
123,0.0322918989255,0.213653874049,0.0395405050673,0.000374943877319,0.0852243567189,0.0727668720828,0.539228602172,0.00601445060275,0.0109044965044
124,0.19351968871,0.141542784418,0.0266822541698,0.166275524125,0.0706467975536,0.09065347822,0.294738061216,0.00763394569489,0.00830746589223
125,0.146698075572,0.143252519149,0.0289734162099,0.254460065682,0.073873878401,0.104198396087,0.233636010353,0.00602259573507,0.00888504281048
126,0.186564351757,0.132021516296,0.0249826929868,0.218138722356,0.0669800116949,0.0854346363437,0.270898840772,0.00714275312666,0.0078364746667
127,0.176135761349,0.133365991515,0.0255576165093,0.189108136459,0.0682031789705,0.0833288069322,0.309617189248,0.00695263531555,0.00773068370202
128,0.18516633595,0.131553298692,0.0247973885344,0.214312704008,0.0662676824087,0.0846047288801,0.278430639254,0.00707901236629,0.00778820990632
129,0.229355265602,0.158138607196,0.0328522911066,0.264121857356,0.0774747434817,0.108468906415,0.109322900334,0.00777750708884,0.0124879214205
130,0.121355334441,0.158970141543,0.0303912376007,0.0883642073288,0.0795470022405,0.0759536174593,0.434127379683,0.00651874783685,0.00477233186734
131,0.180732390537,0.135555129641,0.0256189325784,0.184798874884,0.0679909425209,0.0838550470586,0.306443609003,0.00704743971088,0.007957634067
132,0.186190063174,0.131980777971,0.0250052027087,0.217541940472,0.0661079368971,0.085440372108,0.272750183844,0.00714320669232,0.00784031613228
133,0.194061998352,0.140930654345,0.0270849282576,0.213126279261,0.0722531468686,0.09374404335,0.242751265812,0.00765840893261,0.008389274821
134,0.183864379525,0.133276604685,0.0249912770714,0.206681287681,0.0674307840687,0.08523902355,0.284090884828,0.00671374382391,0.00771201476707
135,0.0355591422451,0.0430139350813,0.0222096974764,0.00106108086027,0.0351233303185,0.0367670433452,0.00033860640077,0.00431660484143,0.821610559431
136,0.18861636103,0.1413488034,0.0263938386662,0.142154275271,0.0708069450153,0.0895498881623,0.326090989219,0.00706553575986,0.00797336347577
137,0.186585714917,0.132068444467,0.0249954976341,0.218016756267,0.0670091844168,0.0854678096766,0.270871195142,0.00714450412773,0.00784089335226
138,0.194743743679,0.131868360441,0.0260626967437,0.245995011892,0.0695606074226,0.0883682138301,0.227924920146,0.00727304016235,0.00820340568182
139,0.182094445463,0.139155519574,0.031631755975,0.423949016712,0.0752789918784,0.0967941484983,0.0335503446068,0.00713245663965,0.0104133206521
140,0.169279525432,0.151204068859,0.0284666822811,0.123275958931,0.0734017844133,0.0913702732108,0.34664280399,0.00754256334386,0.0088163395397
141,0.183635622964,0.131310160277,0.0248215683044,0.212428626313,0.0661591531871,0.0841077237783,0.282715689165,0.0070188747679,0.00780258124346
142,0.117441066113,0.155471197352,0.0244137988828,0.0747117987822,0.077207775767,0.0753912505591,0.470783762899,0.000925849763998,0.00365349988076
143,0.176492064373,0.137479142302,0.0262285900689,0.179522178862,0.0694409644933,0.087854319468,0.307819836381,0.00709509162888,0.00806781242277
144,0.183174421267,0.132331157135,0.0247566385482,0.208080238256,0.0666615969249,0.0844835278641,0.286187904302,0.00664918119698,0.0076753345054
145,0.143836786388,0.15442174602,0.0286716767964,0.143099965487,0.07837886513,0.0955395359352,0.342510445739,0.00674434548543,0.00679663301998
146,0.18686724072,0.143984482579,0.0273982961846,0.173668085233,0.0723953815285,0.0915593030398,0.288049666755,0.00756523470082,0.00851230925915
147,0.188540064797,0.132006838618,0.0252072621269,0.223169544224,0.0675461583581,0.0857479306579,0.262718282872,0.00716016889777,0.00790374944734
148,0.182556457482,0.137320434795,0.0260034171647,0.193824762112,0.0712974817741,0.0903106446101,0.283729852638,0.00697238163557,0.00798456778822
149,0.165712843963,0.139300762653,0.0262505929207,0.0593117672808,0.0695472865236,0.0860588381806,0.438824303104,0.00716027525579,0.00783333011894
150,0.117302062777,0.129885636258,0.0349014973434,0.00166805437589,0.0730993653998,0.0928037167794,0.533466495388,0.00713309024425,0.00974008143472
151,0.041727627175,0.170850616546,0.0290699303956,0.00116831612146,0.0751199393373,0.0899219140204,0.583436501081,0.00436405257832,0.00434110274496
152,0.173385250619,0.17160591119,0.032117334841,0.0721880104706,0.081790969463,0.102676222703,0.346206550552,0.00887465586147,0.0111550942997
153,0.172732862517,0.129689230455,0.0245122890561,0.22690299607,0.0658511606809,0.0839141482967,0.282005609844,0.00687552089246,0.00751618218826
154,0.182327934777,0.134490603,0.0255594053176,0.202539282309,0.0680002852147,0.0836708874679,0.288372089725,0.00701357289104,0.0080259392973
155,0.186150653678,0.131128126137,0.0247381168709,0.220451924232,0.0664237795458,0.08480017868,0.271445853327,0.00710938840034,0.00775197912947
156,0.143374784496,0.11994202973,0.0239299437295,0.126456314225,0.0636067941718,0.0790055894838,0.4299869969,0.00617825833099,0.00751928893317
157,0.0933417394614,0.155753599351,0.0301441669365,0.013809506253,0.0801407555282,0.0870809983819,0.524567725962,0.00619725289427,0.00896425523187
158,0.168674661956,0.137719093974,0.0262634653362,0.183801006916,0.0703622706993,0.0885133625057,0.309532400053,0.00700877117508,0.00812496738359
159,0.224664871644,0.135702370659,0.0306927555545,0.286427993941,0.0838798079865,0.106208311901,0.115258017167,0.0076899762543,0.00947589489256
160,0.163630257947,0.179877192191,0.0339435966316,0.0675670011295,0.0854762898875,0.103886778025,0.34606430986,0.00897556212682,0.0105790122015
161,0.187364865965,0.138674440891,0.0260392040573,0.184337063904,0.0701234155584,0.0891236212028,0.289070773764,0.00738224435601,0.00788437030165
162,0.0218569991299,0.258120014519,0.0287334669932,0.000528076021492,0.117068181486,0.160031592286,0.403935346192,0.00628370954001,0.00344261383263
163,0.12493832616,0.175245084012,0.0266557007808,0.069422972049,0.0879738152652,0.10258631583,0.404664399726,0.00326717336855,0.00524621280978
164,0.18588921793,0.131837408975,0.024931948973,0.217648638332,0.0668885528811,0.0852720655907,0.272605933894,0.00712774894516,0.00779848447872
165,0.154626267151,0.156958254333,0.0284819398904,0.0880610995509,0.0753224766977,0.0942228254574,0.385658530315,0.00825876526985,0.00840984133449
166,0.186435202605,0.131741895952,0.0249060351497,0.218861135804,0.0668057752748,0.0852359327935,0.271071725413,0.00713231535024,0.0078099816573
167,0.134065957838,0.15147706402,0.027644048231,0.138504455904,0.0776617106196,0.0893407506887,0.370328449068,0.00527378542722,0.0057037782037
168,0.190397031724,0.131294898074,0.0242142570304,0.23996051045,0.0647556193327,0.0846047825706,0.250056819567,0.00712180283707,0.00759427841398
169,0.18327433854,0.122333046721,0.022272774473,0.239946391774,0.0620346681027,0.0770715034456,0.279755966933,0.00683126659697,0.00648004341342
170,0.300304561993,0.232002341643,0.054375494559,0.0719351551538,0.08998554314,0.189764086547,0.0305654115206,0.00760005900302,0.0234673464409
171,0.0849713738917,0.167132785663,0.0375211340637,0.0102180778224,0.0887086707375,0.074390205157,0.520971242548,0.00597281447504,0.0101136956419
172,0.146581010905,0.172612551682,0.0293170937578,0.0102504000211,0.0799895234339,0.096044942678,0.447569835425,0.00762215534266,0.0100124867541
173,0.186544855629,0.147725655558,0.030750538134,0.17211240321,0.0799951112199,0.0983818722325,0.254528696987,0.00861667562663,0.0213441914029
174,0.174740877764,0.134590393452,0.0253868833676,0.203533268827,0.067169877515,0.0855915575463,0.293915308107,0.00706992877041,0.00800190465191
175,0.1799878501,0.144358076695,0.0271072612414,0.167944030064,0.072955192061,0.0899080397691,0.301996225095,0.00745701829164,0.00828630668331
176,0.163327912708,0.212686151129,0.0420906121766,0.0428218828274,0.106219721419,0.139977507578,0.262072528962,0.00960944863748,0.0211942345624
177,0.186413460779,0.131693716753,0.0248930045524,0.218988443312,0.066775808808,0.085202112413,0.271097419609,0.00713051092863,0.00780552284461
178,0.172366986151,0.128937017086,0.0235987156391,0.199366216028,0.0649870498181,0.0809970117849,0.317276623724,0.00556470376196,0.00690567600762
179,0.183182743696,0.134329036707,0.0255946170757,0.206396457415,0.0679576955891,0.0841124840987,0.283426329577,0.00699900876559,0.00800162707545
180,0.125082267476,0.170244724988,0.0304348212554,0.0195560778532,0.0868756586728,0.110681392537,0.438861439015,0.00826738923034,0.00999622897246
181,0.185272185071,0.13271927382,0.024870497084,0.213080894061,0.0673665058577,0.0853868660251,0.276896345578,0.0067369426305,0.00767048987321
182,0.185417414749,0.132401814913,0.0250235509418,0.217866464579,0.0668814770326,0.0852710463388,0.27228113935,0.00704870873119,0.00780838336348
183,0.182396849583,0.13492596995,0.0254711384552,0.203110448673,0.0686802699931,0.0840000500623,0.286947864203,0.00665016266219,0.00781724641901
184,0.18465291079,0.147583761731,0.0280945301809,0.151150604173,0.0757368958225,0.0890850963746,0.307587286471,0.00762798945773,0.00848092499898
185,0.18642664059,0.131820488124,0.0249430347745,0.219113215842,0.0668356254122,0.0852239211729,0.270766505437,0.00705783026993,0.0078127383774
186,0.186711291535,0.132915060305,0.0252191744299,0.205275109237,0.0674952385312,0.0861526314535,0.281110362861,0.00720260169011,0.0079185299567
187,0.181136773169,0.13453779299,0.025357708895,0.208953074625,0.0683362807528,0.0863337274108,0.280609554737,0.00712038225184,0.00761470516739
188,0.168097924026,0.175136769708,0.030091142299,0.0143079716785,0.0827526406881,0.100573905698,0.410627825333,0.0081625455958,0.0102492749739
189,0.186585714917,0.132068444467,0.0249954976341,0.218016756267,0.0670091844168,0.0854678096766,0.270871195142,0.00714450412773,0.00784089335226
190,0.183518579024,0.135522075711,0.0253172749118,0.205963804748,0.0685012376654,0.0876662288814,0.27838984537,0.00732347153553,0.0077974821537
191,0.130707237485,0.143939352683,0.027978549168,0.0770166454937,0.0708131642237,0.0818935553593,0.452663643243,0.00665525304806,0.00833259929603
192,0.270326478736,0.152361517997,0.0358375532992,0.335083184182,0.0635263418639,0.112727500751,0.00943109504873,0.00538992176553,0.0153164063571
193,0.0483294198429,0.0633722836739,0.0198781898017,0.000697737797402,0.0472445947533,0.0501002362073,0.762221205516,0.00388078504801,0.00427554735952
194,0.184522296926,0.13287195514,0.0250810593715,0.210671487676,0.0670116611479,0.0854236200985,0.279410244955,0.00714398048277,0.00786369420214
195,0.20472344193,0.139227027571,0.027146514944,0.242305432311,0.0681111890697,0.0918096397691,0.210695237146,0.00705299302639,0.00892852423255
196,0.240265598314,0.0242246651508,0.0358148620492,0.386183420237,0.13473054016,0.166919834245,1.73966956724e-07,0.00278416303103,0.00907674284607
197,0.185476924764,0.132505079082,0.0248178178082,0.214239783571,0.0673083681847,0.0852091869562,0.276064605573,0.00673929186599,0.00763894219512
198,0.184525909148,0.131735216339,0.0249340004285,0.2141850373,0.0665103820163,0.0853450412186,0.277792509041,0.00714468823363,0.0078272162747
199,0.183465238025,0.131164011513,0.0249166232088,0.225760914538,0.0664288570127,0.0841154792402,0.269601265164,0.00685199525806,0.00769561604033
200,0.180124739259,0.137528350765,0.0257120789056,0.187135432985,0.0687514295165,0.0884330271676,0.297011329701,0.00735555705229,0.00794805464775
201,0.183137198336,0.130021221755,0.0243236127428,0.226092025785,0.065332116476,0.0827161649636,0.274250802599,0.0068888540535,0.00723800329031
202,0.0390962479165,0.195550409483,0.0404657122313,0.000367119680143,0.0892872446558,0.0824436734095,0.535808448665,0.00604737404844,0.0109337699103
203,0.198560929365,0.13847272895,0.026386556774,0.215225089397,0.0693259905036,0.0907029746554,0.245637919127,0.00741478222575,0.00827302900239
204,0.18565050957,0.133131354814,0.0251886443441,0.213952299059,0.0674629780301,0.085967521066,0.273577207062,0.00717280768696,0.00789667836683
205,0.183585555356,0.145591100037,0.0271444260092,0.182058708215,0.0725054498817,0.094514598194,0.278615643934,0.00764891041016,0.00833560796185
206,0.186585714917,0.132068444467,0.0249954976341,0.218016756267,0.0670091844168,0.0854678096766,0.270871195142,0.00714450412773,0.00784089335226
207,0.197474049772,0.149335168553,0.0281430809295,0.131287119349,0.0758066425881,0.0967670291709,0.301912091937,0.0105918018243,0.00868301587675
208,0.208506601108,0.118343316373,0.0293650935801,0.380753671598,0.0755213481633,0.0929410917088,0.0779295719416,0.00715245960501,0.00948684592229
209,0.184690355554,0.132673789162,0.0250803293915,0.216054389941,0.0672391729742,0.0854352320252,0.274030508331,0.00714803238589,0.00764819023518
210,0.164918813292,0.13722937785,0.0261753221198,0.187863868653,0.067703728571,0.0867697503556,0.314459195281,0.00680856733204,0.00807137654624
211,0.171875551732,0.140704821803,0.0261443108264,0.186895400703,0.0706020669126,0.0882034938823,0.30140339923,0.007388769865,0.0067821850459
212,0.207945777534,0.139723058807,0.0279542535507,0.246989704898,0.07253400759,0.0939186294681,0.19468121615,0.00744090308166,0.0088124489205
213,0.177830378495,0.135010579801,0.0254695961926,0.206449104964,0.0679747929134,0.0865545627849,0.285984317563,0.00703355433143,0.00769311295445
214,0.0747122871819,0.101242603131,0.0191536905639,0.483868965268,0.0425700960051,0.0418810734025,0.233882368666,0.00045613655236,0.00223277922917
215,0.186585714917,0.132068444467,0.0249954976341,0.218016756267,0.0670091844168,0.0854678096766,0.270871195142,0.00714450412773,0.00784089335226
216,0.162272274703,0.148251398931,0.0280123056323,0.150688185326,0.0777959184451,0.0986834663519,0.318781260419,0.00720211676517,0.0083130734257
217,0.18475462873,0.132345179507,0.0250840383552,0.213780238491,0.0669703281133,0.0852407043251,0.276854131067,0.00712874186734,0.00784200954473
218,0.185483219888,0.134063685695,0.0252864930761,0.204008732226,0.067735945781,0.086223701874,0.28206425547,0.00723624655677,0.00789771943398
219,0.190497939912,0.133211406948,0.0253918505485,0.222021695024,0.068305491509,0.086424838365,0.259685136561,0.00718587904764,0.00727576208539
220,0.185524590945,0.132852584302,0.0249142472529,0.213441595475,0.0674832226049,0.0855026887375,0.275849403885,0.0067459362206,0.00768573057726
221,0.162793484956,0.154979593514,0.0282734203298,0.147242306972,0.0776431065925,0.0999038841341,0.3128517164,0.00812601469952,0.00818647240243
222,0.184348920168,0.133171194747,0.0251218531785,0.211584299813,0.067324996188,0.0855662769597,0.278066419699,0.0071643179587,0.00765172128721
223,0.186892512091,0.132356849564,0.0250311670429,0.215980316653,0.0670812361239,0.0856035472837,0.272047482779,0.00715916429298,0.00784772416927
224,0.0160397404913,0.159891209732,0.0212309547484,5.63588683599e-07,0.0610647774962,0.0920903110185,0.642301530646,0.00277366112089,0.00460725115838
225,0.187343801624,0.157899759863,0.0297634084112,0.106478958234,0.0822895151355,0.102126467885,0.317198832106,0.00925357611213,0.00764568062855
226,0.170837417556,0.135527764579,0.0252945179864,0.205184168739,0.0679838804721,0.0841946552968,0.297546391251,0.00711463163231,0.00631657248745
227,0.202532153842,0.161237649164,0.0315054208526,0.0576928960326,0.0841067010381,0.0833384771983,0.359956075412,0.00889972366981,0.0107309027908
228,0.180186080175,0.156473986883,0.0303995139397,0.110777503457,0.080020185806,0.0974351195113,0.326792467987,0.00751744353361,0.010397698707
229,0.176286811693,0.139456845628,0.0264285945674,0.217338710166,0.0689521740022,0.0858019225896,0.271136301523,0.00721588338188,0.00738275644867
230,0.157915449835,0.155100563827,0.0292064942213,0.109547576246,0.0796333450675,0.0905678396422,0.363260095135,0.00735493869985,0.00741369732663
231,0.189321613985,0.147144272885,0.0282049349412,0.138180854857,0.0756156580353,0.0876446757355,0.317724166083,0.00731144506181,0.0088523784159
232,0.18261724522,0.143749110199,0.0272095608026,0.162585158935,0.0718780495715,0.0905672212349,0.305324572267,0.00758627024493,0.00848281152587
233,0.18644467573,0.131546602999,0.0248723270526,0.221547701978,0.0667082999366,0.0850666336324,0.268920873395,0.00709430809553,0.00779857718098
234,0.132005791611,0.143396690408,0.0291240218388,0.0952315480622,0.0691640276212,0.0819354634777,0.434390993972,0.00662248537711,0.00812897763089
235,0.186331769189,0.132259099666,0.0249835820919,0.21748821405,0.0670857166807,0.0854808679117,0.271405968403,0.00715484296788,0.00780993903979
236,0.183293515212,0.132515627417,0.024908002711,0.202254272109,0.0663226678426,0.0846601045826,0.29115120447,0.00707715330604,0.00781745234978
237,0.186532638813,0.132092864035,0.0249989322151,0.217898682976,0.0670227409573,0.0854744216559,0.27099743363,0.00714432787523,0.00783795784246
238,0.186585714917,0.132068444467,0.0249954976341,0.218016756267,0.0670091844168,0.0854678096766,0.270871195142,0.00714450412773,0.00784089335226
239,0.262751720925,0.159919444381,0.035566837118,0.287222824116,0.065961774083,0.120219798232,0.0465785301127,0.00568977187246,0.0160892991595
240,0.186574705298,0.132044369949,0.0249889183603,0.218079290732,0.0669941893178,0.0854507604558,0.270885535753,0.0071436053032,0.00783862482973
241,0.190543903114,0.132199374667,0.0251523663325,0.256522179911,0.0674876658499,0.0859874735622,0.226718632317,0.00699571197715,0.00839269226965
242,0.186585714917,0.132068444467,0.0249954976341,0.218016756267,0.0670091844168,0.0854678096766,0.270871195142,0.00714450412773,0.00784089335226
243,0.19047273599,0.134304036997,0.0254922016161,0.226204772815,0.0687072403818,0.0865173893919,0.253070088694,0.00732651202054,0.00790502209269
244,0.181541358247,0.138440054461,0.0262330447461,0.192008042697,0.0704858189062,0.0893669988656,0.287243934401,0.00737956656693,0.00730118110963
245,0.18303651061,0.136243445518,0.0254549582203,0.204932940247,0.0688342680228,0.0881160820549,0.278301042873,0.00725333937287,0.0078274130807
246,0.122548946159,0.191569482828,0.0346080581865,0.0230340110059,0.0840277992704,0.0999247461823,0.42533212258,0.00845652121803,0.0104983125698
247,0.191618620591,0.137910646566,0.0258805281227,0.195345243881,0.0693364750419,0.0889515029836,0.276032411196,0.00699957870728,0.00792499291107
248,0.182370672861,0.131772393864,0.024786428653,0.203211010658,0.0658250298308,0.0840153140806,0.293206363853,0.00701291431321,0.00779987188617
249,0.0799075828635,0.131207996688,0.0364929157767,0.00133392721153,0.075629327659,0.0910468043443,0.567573675337,0.00634435900216,0.0104634111171
250,0.188463315462,0.130173933946,0.0246982928846,0.229019874402,0.0663844172263,0.0844395446898,0.261992337148,0.00709290539031,0.00773537885065
251,0.187901856716,0.133356858513,0.025354563593,0.213820467893,0.0678669004244,0.0862300524952,0.270189558893,0.00721360836572,0.00806613310628
252,0.185642777083,0.137736768801,0.0257786707131,0.218000497891,0.0689227966971,0.0896593380417,0.259698648435,0.00704570149602,0.00751480084256
253,0.185310763697,0.131850004711,0.0249196003354,0.214412198132,0.0666031037545,0.0849541547948,0.277025275581,0.00709689384265,0.00782800515193
254,0.182856447752,0.137370200534,0.0255208382538,0.198795116708,0.0696376010961,0.0884516947111,0.282681563911,0.00695048324501,0.00773605378837
255,0.189224982877,0.130580671453,0.0254484437673,0.22586288023,0.0681831755741,0.0867613585875,0.258863733211,0.00710722939783,0.00796752490195
256,0.117086533156,0.150435463052,0.0271753006208,0.146736458422,0.0723708954502,0.0827060687804,0.393135492531,0.00673671627684,0.003617071711
257,0.104166522243,0.168524775148,0.029568498866,0.00232123812931,0.0755008198091,0.100174358429,0.5054096563,0.00652654031315,0.00780759076227
258,0.187589219171,0.145008505623,0.0285760841032,0.176604792426,0.0751815710839,0.0950007989266,0.270799182498,0.00800463402346,0.0132352121436
259,0.16149627442,0.149543533275,0.0251846136005,0.12578950353,0.0749002715298,0.0883833708027,0.364542160319,0.00388104848567,0.00627922403608
260,0.0233877247081,0.227387536946,0.0306999229434,0.000206698556808,0.0883208207691,0.0991121142677,0.520524776693,0.00477048743766,0.00558991767786
261,0.078718319554,0.172146379603,0.0326833314101,0.00898739400022,0.0900219460399,0.101693613807,0.498329626143,0.00693099560774,0.010488393835
262,0.183228048052,0.133458606133,0.0249825966345,0.203530900712,0.0670900080854,0.0851970552727,0.287770439927,0.00718218826676,0.00756015691731
263,0.191242701516,0.134002964535,0.0256594811862,0.221306098585,0.0685840383504,0.0878535992953,0.255985594504,0.00729800621637,0.00806751581198
264,0.0470494492047,0.0634283974703,0.0198722439172,0.000649215357237,0.047188861314,0.0498179850712,0.763986088425,0.00386470445629,0.00414305478389
265,0.185636576782,0.131392595451,0.0248545821816,0.212376604193,0.0662746818162,0.0850428497756,0.279511339994,0.0071085752765,0.0078021945306
266,0.255507634695,0.0831711386471,0.0398173286641,0.302097286795,0.105306949329,0.123005097341,0.0735870239881,0.00638472041969,0.0111228201218
267,0.108408121686,0.16460680365,0.0296490478566,0.00274333571805,0.0759300420749,0.0996109550053,0.504478531075,0.00661507896271,0.00795808397176
268,0.183976838501,0.137628889217,0.0257555401023,0.198917223454,0.0696380201757,0.0887445404733,0.280079881549,0.00736312862452,0.007895937903
269,0.0403664329583,0.152429700197,0.0241409791149,0.102840954725,0.0473342136921,0.0927169353695,0.528682892544,0.0028600622931,0.00862782910645
270,0.19021304318,0.15813189403,0.0297883696755,0.11130019264,0.0794483686664,0.0976112247473,0.316413281768,0.0082302496611,0.00886337563163
271,0.176712219884,0.139166358707,0.0266160049396,0.215742385937,0.0690619821599,0.086818730804,0.270537567792,0.00708471931018,0.00826003046508
272,0.0873982232635,0.195688159679,0.0278595200286,0.0471397337017,0.0974218140301,0.10753394986,0.431566585001,0.00156032714934,0.00383168728621
273,0.186403388892,0.131700168059,0.0248933641901,0.218951531771,0.066778877795,0.0852033121825,0.271133080844,0.0071309012877,0.00780537497901
274,0.184784335964,0.128767797103,0.0244351444316,0.218152828946,0.0654967596994,0.083462828951,0.280267128356,0.00700379315223,0.00762938339654
