ID,class1,class2,class3,class4,class5,class6,class7,class8,class9
0,0.0258158433749,0.212944213944,0.0261901127698,0.0644583188545,0.0615181685581,0.101734760212,0.496437963239,0.00728890264902,0.00361171639866
1,0.220254987752,0.154653379453,0.0273492037989,0.19354622611,0.0555853712622,0.0917352648891,0.241746417029,0.00657733687811,0.00855181282698
2,0.200084680311,0.153299509172,0.0290980589608,0.182869564555,0.0609651304468,0.0994926369903,0.258497525812,0.00687144933127,0.00882144442149
3,0.0348962670383,0.274260765869,0.0414499207623,0.00195754600601,0.0789767586254,0.0446162199991,0.508560764125,0.00705426175231,0.00822749582182
4,0.0889083165545,0.204258088224,0.0361472333994,0.308693894922,0.123408148393,0.104369443078,0.122946581338,0.0085011200387,0.00276717405202
5,0.2465964831,0.148659613009,0.0252772671281,0.216198931681,0.055355129231,0.092574285303,0.199294649894,0.00659541716738,0.00944822348646
6,0.2504737229,0.122042804934,0.0338253868896,0.243528990574,0.0664983351939,0.0603123905262,0.210167330676,0.00585924243431,0.00729179587149
7,0.12714509814,0.0948956142293,0.0297053326909,0.570017989658,0.0865089638846,0.0655944628891,0.019632395949,0.00434468742948,0.00215545512964
8,0.221111720191,0.157333738723,0.0298369956156,0.221169591097,0.0724253290063,0.0710059244203,0.215409850127,0.00726760621245,0.00443924460744
9,0.180180151591,0.175123849462,0.0290357575316,0.139581340684,0.0675081501391,0.0957914376267,0.297685721009,0.00756657345057,0.00752701850694
10,0.190534527036,0.148239555967,0.0468602638735,0.0317459389797,0.0438541741188,0.0312118677416,0.498542585258,0.00674360713695,0.00226747988785
11,0.130637524842,0.172681542331,0.0254843570591,0.188238048702,0.076829193039,0.0866292819335,0.309085856587,0.00800768130624,0.00240651419903
12,0.235355971927,0.108219104175,0.0201342704977,0.321036962744,0.0608625055908,0.0981232434126,0.134427721972,0.00689043440595,0.0149497852749
13,0.123263226266,0.1919737079,0.0216327693903,0.136216441813,0.0726286418354,0.0974312695661,0.344432834191,0.00777836689764,0.00464274214004
14,0.131257022408,0.180746788779,0.0364743153285,0.128375580533,0.0958082342892,0.0629052316289,0.354157503938,0.00841470611368,0.00186061698118
15,0.209394243409,0.158520321971,0.0303990317835,0.179070990548,0.0555743564274,0.0918365148492,0.259474812114,0.00678389575423,0.00894583314246
16,0.239774445411,0.216373394616,0.0283193641475,0.249727235244,0.048593949982,0.0591385683316,0.151305446105,0.00578788670431,0.000979709458622
17,0.0652959875253,0.224932548539,0.0196063416411,0.0117105087593,0.0933266243531,0.111261215021,0.466613351921,0.00613081409641,0.0011226081437
18,0.22090118996,0.151197583933,0.028164555588,0.194865548503,0.0561982757277,0.0939287910665,0.238986340246,0.00654327565135,0.00921443932466
19,0.223216385961,0.154582875341,0.0278125767195,0.185413114145,0.0555508109201,0.0945841211385,0.243486621577,0.00649613895489,0.00885735524296
20,0.293346489201,0.0516230217858,0.0195518457266,0.415429739979,0.072872788779,0.0919823980247,0.0466794631931,0.00643996479482,0.00207428851614
21,0.202651754421,0.162838912078,0.0286628841469,0.182705277531,0.0577971541978,0.0970262459499,0.251203617294,0.00680763711182,0.0103065172688
22,0.221493836238,0.15892248298,0.0263825660216,0.175174724004,0.0536467214702,0.0964131268564,0.251932482303,0.00671671227869,0.00931734784795
23,0.134227447329,0.187388530874,0.0226227319101,0.161212279491,0.0640922039078,0.0963528961991,0.320231780386,0.00745909464448,0.00641303525979
24,0.0165441718376,0.23051355724,0.0138687811801,2.51774752044e-07,0.0224611243678,0.00529767461009,0.702217349513,0.00472612644475,0.00437096303183
25,0.220713523712,0.156180537961,0.028528550333,0.184232868288,0.0568095474086,0.0908967451576,0.245323690535,0.00675155143373,0.0105629851718
26,0.210156156288,0.159515106593,0.0290594849134,0.178851298454,0.0730756601948,0.078886661937,0.257405564092,0.00751101149188,0.00553905603553
27,0.00810125378024,0.309925321623,0.0218371762462,0.00465157550017,0.0949383608767,0.0696044783566,0.472667298949,0.00801112641827,0.0102634082505
28,0.190871881054,0.145758872376,0.0209564259369,0.179114269007,0.0643665175781,0.0757988305643,0.301337770535,0.00749230506697,0.014303127882
29,0.231866619022,0.160144051038,0.0265487139279,0.127012153387,0.0601191783119,0.0963518900857,0.284445641072,0.00668215344097,0.00682959971437
30,0.00630612851707,0.300434489332,0.0274374093029,0.0107079910099,0.0958939677185,0.0658713907068,0.474198746062,0.00786946106423,0.0112804162863
31,0.162934680537,0.142439542855,0.0400169167004,0.108693957556,0.0923970796917,0.0559943150665,0.377056088661,0.0093420080441,0.0111254108881
32,0.204744353011,0.156717669188,0.0262017758873,0.199385075121,0.0558954625717,0.0874319376173,0.254450820248,0.00607688354551,0.00909602280998
33,0.167822452141,0.224846497147,0.0115038123449,0.00460437361795,0.0110469136915,0.135236703896,0.42577165064,0.00841216600323,0.0107554305182
34,0.0526312225061,0.207843346926,0.0228326872475,0.0594566395291,0.0735217716908,0.0838613610577,0.48880634799,0.0083635775716,0.00268304548126
35,0.185287992296,0.241200321002,0.0417216808424,0.00707215774121,0.0588915803838,0.00579623412163,0.454574462542,0.00470140607995,0.00075416499045
36,0.1455563835,0.177083074014,0.0292642807459,0.176638320778,0.0613710535731,0.0667994636421,0.329466672766,0.00655435018006,0.00726640080127
37,0.242735335833,0.021230555901,0.0449578006036,0.32887385864,0.123642260761,0.152640035493,0.0827695313709,0.00269877624571,0.00045184515141
38,0.00480137281301,0.234110183638,0.00382641666219,0.000131579795756,0.0098256058687,0.0938888447267,0.645389085989,0.00654159684337,0.00148531366324
39,0.375437576874,0.0595402867178,0.0370256022802,0.022281878402,0.0826777815549,0.0110035293704,0.375706256582,0.0194780840254,0.016849004194
40,0.123409189077,0.191054613334,0.0217937935669,0.115339893475,0.0718113760431,0.0590134125394,0.405208725883,0.00770928470007,0.00465971138264
41,0.222946439394,0.149730066992,0.0276244103336,0.195721568456,0.0562003591964,0.0940158667241,0.238689405752,0.00651964886774,0.00855223428483
42,0.331257193893,0.0158165798635,0.00958652570225,0.506963331911,0.0701085889705,0.0534737850619,0.00748787709822,0.00464541347502,0.000660704024848
43,0.268276537593,0.0985645528485,0.0185580716072,0.29273577129,0.0658536441821,0.0757892152409,0.169147718067,0.00678513254183,0.00428935662911
44,0.105825082376,0.119708220074,0.0087376263398,0.000619075555609,0.105787369891,0.047392310325,0.605000520847,0.00659607161127,0.00033372297953
45,0.121292901586,0.158490472361,0.0304248069049,0.193312025764,0.09205281513,0.048867411588,0.342942494122,0.00659576350981,0.00602130903348
46,0.215125554251,0.155618677182,0.0274128079601,0.201210570174,0.0554830851424,0.0848884941737,0.244435485487,0.00663417803697,0.00919114759328
47,0.200591776183,0.000275407110325,0.0756354727417,0.563962449818,0.156376521983,4.31217976341e-05,0.00288159071282,0.000209859740075,2.37999136871e-05
48,0.263745861296,0.0823872019642,0.0234364570327,0.441196129436,0.0312477285872,0.0432714190521,0.109889125303,0.00108341549197,0.00374266183666
49,0.136319771251,0.171084059495,0.0446653711819,0.156870480711,0.0797713871022,0.0921796444505,0.30307422463,0.0075209633021,0.00851409787506
50,0.228539155953,0.144470602068,0.0272074072938,0.201501128239,0.0579483141375,0.0963999894279,0.228482282291,0.00652153427546,0.00892958631391
51,0.199998665325,0.119966364917,0.0381158302933,0.0775536647235,0.0883263287197,0.0502830310111,0.396288573989,0.0117050954395,0.0177624455818
52,0.21015655637,0.173977627941,0.0260025849234,0.142893064663,0.0579512322028,0.103108408814,0.270116498853,0.00716010758426,0.008633918648
53,0.197548560812,0.169232181864,0.00921205739626,0.134445473919,0.0689809366635,0.0432626645463,0.359956293871,0.00672206883677,0.0106397620908
54,0.188459665666,0.130935951888,0.0229298193149,0.339557312235,0.0474450652423,0.0586775999087,0.206188481683,0.00233688698679,0.00346921707381
55,0.150747219725,0.00210121072386,1.85430287775e-07,0.704421436681,0.108879248832,0.0195223271852,0.0140703719673,0.000256770582129,1.22887329075e-06
56,0.224610299831,0.148799440022,0.029739774346,0.194139969016,0.060836075532,0.10334616179,0.223231044529,0.00654065780308,0.0087565771312
57,0.0214581776685,0.238690702905,0.0113040318793,0.0454118884989,0.0820459090712,0.0910486462837,0.500204888626,0.00810148584838,0.00173426921963
58,0.122136984105,0.119767560336,0.0444348912991,0.0812303684346,0.0948134567539,0.0544908191527,0.449291493854,0.0100044864328,0.0238299396328
59,0.0956860127619,0.215416079474,0.0108948523616,6.57053574768e-07,0.058825705133,8.94377790839e-06,0.604469343543,0.00197006610634,0.0127283397886
60,0.17628007459,0.149408493015,0.0211257819451,0.250424738081,0.0642751420761,0.0546554820913,0.270778174026,0.00678958378606,0.00626253038948
61,0.173556798759,0.00335991350102,0.0476844255131,0.436219078937,0.155056401023,0.136329193169,0.0466216990042,0.00109963348664,7.28566079192e-05
62,0.218166140754,0.16231869778,0.0282461310323,0.163148677608,0.0657936745788,0.0846352752513,0.264205694268,0.00710282036844,0.00638288835832
63,0.119465377697,0.295898542207,0.0158266845706,4.06300258658e-05,0.0855754111974,0.0206766363224,0.449619863125,0.00675496647587,0.0061418883792
64,0.225599712037,0.150673400705,0.027583409422,0.198742860562,0.0539117603233,0.0945521397334,0.232729421925,0.00647590202159,0.00973139327107
65,0.213994530524,0.148973381586,0.0291352650398,0.198705801268,0.0602864126205,0.0932497310679,0.240973481423,0.00658621222524,0.00809518424586
66,0.130867088221,0.195396861077,0.0245976374269,0.0597196338805,0.0682720779676,0.0932186116969,0.414640042871,0.00811388492611,0.00517416193366
67,0.194634293459,0.157521380801,0.0294957546978,0.199406596563,0.0549078606206,0.0891550461242,0.260237868085,0.00620221621779,0.00843898343178
68,0.0409661538361,0.232823984205,0.0199477850587,0.00309081994769,0.124542560674,0.0734547215612,0.498376535597,0.00569731431092,0.00110012480895
69,0.257904589859,0.0791358455588,0.015428091339,0.334156315765,0.0648524952887,0.0603308656164,0.177805781399,0.00656287763574,0.00382313753783
70,0.0235196711833,0.0856035920112,0.00580219618077,0.510433901379,0.0560429741361,0.024767795809,0.285992294604,0.00372772058251,0.00410985411468
71,0.000455452677464,0.152442426371,0.0212303345704,0.0637174521434,0.016383535809,0.101395040573,0.639696961957,0.00310438014158,0.00157441575769
72,0.307790843454,0.0126238643983,0.0325076238202,0.38375325434,0.120572107129,0.117060279389,0.0210297109027,0.00385299539002,0.000809321176689
73,0.0882867951484,0.213180449763,0.0196846909619,0.0176463823096,0.0549600414383,0.0226906143286,0.578082436545,0.00535099430727,0.000117595198153
74,0.270068429342,0.102661607771,0.0135557892685,0.156204776714,0.0728709659637,0.0747829677153,0.298652453799,0.00749661954703,0.00370638987923
75,0.091844093553,0.218706195415,0.0493924751857,0.000750071365684,0.0979008528576,0.0202010170515,0.507823370664,0.00654838311559,0.00683354079274
76,0.141965458186,0.171010922721,0.0293997036487,0.203751728937,0.0554365279098,0.106573820626,0.276347818366,0.00668196704988,0.00883205255641
77,0.00780762357516,0.202838130212,0.0296451216446,0.154454858582,0.029677300679,0.15920588286,0.407002450906,0.005019750299,0.00434888124113
78,0.184362504587,0.15689268673,0.0300076709735,0.208398361667,0.0547087759801,0.087768545226,0.263441500371,0.00619222949753,0.00822772496773
79,0.0732787859577,0.225614013236,0.00269164102718,2.27976254955e-05,0.00101823298528,0.137685214971,0.541710670375,0.00768853671797,0.0102901071042
80,0.225568303114,0.152836535993,0.0279813158308,0.190793500966,0.0539307024598,0.0952131238852,0.237252316315,0.00650765575684,0.00991654567931
81,0.0248564029691,0.185965971326,0.0152875690443,0.588359364537,0.0521186503852,0.0637382187424,0.0590483585537,0.00489720322301,0.00572826121944
82,0.252641857505,0.0215836635888,0.0430060013706,0.335473175445,0.115993043447,0.149417880044,0.0786895336388,0.00267298661487,0.000521858346927
83,0.308775141497,0.0951986328691,0.0313616088317,0.333560467149,0.0637241940886,0.0514289849917,0.107324300296,0.00559390742217,0.00303276285473
84,0.0198935515629,0.138795973976,0.0297080624695,0.0119923532648,0.109400432648,0.040812839014,0.631325742177,0.00936992420968,0.0087011206781
85,0.0438021501,0.220192541803,0.00175884798675,5.82281409345e-06,0.000592912167384,0.137490585849,0.57877131086,0.00747077027053,0.00991505814984
86,0.316973045983,0.0791340482817,0.034589386756,0.213361631874,0.115469374731,0.108274873927,0.122025031639,0.0079436404548,0.00222896635377
87,0.00265818388445,0.227109477342,0.000807624375372,0.00841530707327,0.0940597456319,0.069628759566,0.59144440622,0.00549989125597,0.000376604650985
88,0.00226268420712,0.155361423672,0.0322661602513,0.00216408843551,0.113526373211,0.0272305718607,0.63401925139,0.00849192063153,0.0246775263414
89,0.0032865158187,0.000128143911824,1.86522043737e-05,0.0302905113281,0.699791211733,0.00605086098775,0.000117045495818,0.0169751123528,0.243341946167
90,0.265644419449,0.0871811688317,0.0295232751475,0.2484913329,0.0822842329677,0.143817760131,0.135042394145,0.00663676864937,0.00137864777785
91,0.0980999110235,0.0999698449663,0.0107408965016,0.101131097366,0.0918111478634,0.0611560131379,0.478278530223,0.0092692259891,0.0495433329295
92,0.0980832397178,0.0801393316825,0.064511477096,0.00103068690274,0.0161040727132,0.00316390137355,0.732671696112,0.00414823809461,0.000147356307653
93,1.14120441289e-07,0.239585313196,0.000717449130906,1.14120441289e-07,0.0391932117438,0.000120304610719,0.71946087958,0.000557370110554,0.000365243386612
94,0.267615250936,0.215545832888,0.0457013031888,0.00805442331976,0.0733350733712,0.012833054198,0.357227051749,0.00601557519483,0.0136724351542
95,0.206895925557,0.00442450895076,0.0472009163893,0.400181196636,0.134493819608,0.16819553854,0.0373834278866,0.00116226237927,6.24040536654e-05
96,0.00223698571568,0.343095405818,0.0286121296077,0.000308405205019,0.145648979063,0.0408096339453,0.174632506457,0.0151406351614,0.249515319027
97,0.225520333314,0.164034706009,0.0271275095203,0.165886409011,0.0672388625032,0.0691319040445,0.267357502484,0.00738374447,0.00631902864438
98,0.245232659768,0.105483938078,0.024732237279,0.378075272846,0.0416770912799,0.0561189357667,0.141510502223,0.00207604173719,0.00509332102256
99,0.194664764115,0.171877602161,0.0324385106391,0.139445379849,0.0588512439639,0.0868665709666,0.298895029977,0.00725649588637,0.00970440244197
100,0.386078798302,0.0246861891936,0.0342997795819,0.122794058273,0.189199992573,0.2376461363,0.00175526003179,0.00308449767847,0.000455288066346
101,0.255472004991,0.0896876927993,0.0143126230803,0.311933853254,0.0592817581995,0.0614235944468,0.197427671695,0.0065924542441,0.00386834729003
102,0.0974302290055,0.202893943253,0.0270243243491,0.0850653565849,0.0690369968859,0.0875911051133,0.417774249975,0.00821906349063,0.00496473134217
103,0.155126920759,0.211195029162,0.0298610523225,0.139219160222,0.0541489817042,0.0304302959244,0.374493896467,0.00531767682116,0.000206986617878
104,0.233502490731,0.104212884822,0.0223519497336,0.317734479598,0.0556107248406,0.1205970146,0.14036680655,0.00520084676018,0.000422802364102
105,0.0325666400861,0.310974195437,0.0751094870384,8.18937114889e-06,0.231544341608,0.0137910573871,0.324338184987,0.00827641657621,0.00339148750801
106,0.126137930142,0.182832525234,0.0155841386954,0.00637176361027,0.0605232154415,0.0779975308174,0.519638371991,0.00758460689685,0.00332991717193
107,0.382067042957,0.00534345961867,0.0158267935131,0.182183133066,0.170185564345,0.24107716652,0.000149963458397,0.0031467570288,2.01194937038e-05
108,0.0521904892895,0.220378426976,0.0401854889158,0.00048548082103,0.0920807254159,0.0188998561392,0.564375958555,0.00648824118386,0.00491533270452
109,0.140752432425,0.222871510329,0.0249710516416,0.107665054686,0.0732706759637,0.0709539869582,0.341552062428,0.00765183221036,0.0103113933583
110,0.236396963915,0.143305323716,0.0238736085009,0.121541753894,0.0647681782596,0.104163022279,0.290645097761,0.00613124681825,0.00917480485677
111,0.180494839952,0.242791846829,0.0454723465997,0.00130497717627,0.0717451899708,0.00424739985267,0.434505067937,0.00530085198552,0.0141374796972
112,0.278804599166,0.117121774171,0.0312627469645,0.127024323358,0.08912644025,0.104728024948,0.23425879475,0.00831594445351,0.00935735193872
113,0.0135233405395,0.035992510487,0.0199136096349,0.0160852631065,0.0378115223506,0.0490968668435,0.817360293972,0.00357223448004,0.00664435858597
114,0.202871803692,0.1580052064,0.0282827346378,0.181317142389,0.0586231234712,0.0938546421122,0.261931524537,0.00682683989286,0.00828698286756
115,0.257248559902,0.0680767679126,0.0409487896357,0.232277075384,0.0872955180631,0.130857281299,0.17585586025,0.00452880698289,0.00291134057062
116,0.166173745361,0.169924989512,0.0235163945807,0.203675686805,0.0668887788577,0.051052291602,0.304791041508,0.00592876661533,0.00804830515817
117,0.246580949146,0.0805410853537,0.0360810775099,0.265315186529,0.0778179369214,0.117099412473,0.167274361143,0.00524792982514,0.00404206109873
118,0.450932597047,0.0939350588442,0.0244764042636,0.0653589459104,0.149500875366,0.206572008837,0.000651748230189,0.00583210163181,0.00274025986964
119,0.0192804902627,0.253256523246,0.0349376710863,0.0271146259414,0.0904178688126,0.0747239637238,0.479624542395,0.00828005750535,0.0123642570267
120,0.224823091516,0.154578957372,0.025670561856,0.201782776148,0.0553507410319,0.0787805086655,0.24211695205,0.00668755396978,0.0102088573905
121,0.253833877077,0.0635497263834,0.0368681003595,0.278119879893,0.0819602027002,0.128824155134,0.150248660594,0.00427563231995,0.00231976553905
122,0.210730556033,0.150329398343,0.0276914541082,0.209941246238,0.0584506763947,0.0856398478665,0.242620616237,0.0064115690712,0.00818463570882
123,0.0101247883965,0.248536864039,0.03649876794,0.0159266456414,0.0948984649006,0.0611325685833,0.514110335587,0.00803119082943,0.0107403740824
124,0.223919559226,0.15085780367,0.0269047668594,0.203947573724,0.0557356374442,0.0909846765133,0.232418858771,0.00650299882009,0.00872812497169
125,0.244645661377,0.0772584562386,0.0350313863465,0.257364942078,0.0743358190361,0.119044991969,0.184320584446,0.00476458162869,0.00323357688059
126,0.231403526943,0.146371886359,0.0277716527877,0.210106052672,0.0514634554117,0.0939132978903,0.223052602886,0.00631461749578,0.0096029075537
127,0.148473774486,0.182353360257,0.0271211126201,0.124739661617,0.0716212392141,0.0839002664718,0.350840991632,0.00742426197442,0.00352533172823
128,0.220863798726,0.159235062348,0.0233193827227,0.193202866575,0.0609022743614,0.0678649118329,0.257412860537,0.00714031595289,0.0100585269444
129,0.233319220788,0.131653810602,0.0270406716087,0.278335211743,0.0489685141106,0.0747701200892,0.195132344458,0.00375652612378,0.00702358047637
130,0.000144650560865,0.196625572379,0.0122944263309,0.000182525575226,0.0918814541009,0.015825812676,0.676961333995,0.00470519979784,0.00137902458495
131,0.0506296586223,0.327854932628,0.000439045100843,1.14421981424e-07,0.000926065877406,0.0349720388885,0.572109850212,0.00714988443436,0.00591840981422
132,0.153274854299,0.229102393323,0.00716286908478,0.00108636567389,0.00359285220088,0.113134480023,0.481880113055,0.00435721236391,0.00640885997709
133,0.207692072992,0.160995027959,0.0275355232701,0.197534898368,0.0570318571965,0.0917387811792,0.241582600439,0.00664843350294,0.00924080509337
134,0.198502496124,0.162620829519,0.0235586354078,0.191306889038,0.0603448183839,0.0656283171979,0.282943399091,0.00698924429857,0.00810537093953
135,0.170139802472,0.167156166537,0.0299545877379,0.153627505906,0.109704475591,0.100146041045,0.0831321676295,0.0141490437543,0.171990209327
136,0.00105286692177,0.0745309515764,0.000338962615008,9.17660283942e-08,0.0556931175944,0.0518381483501,0.814125747606,0.00241709284565,3.0207251609e-06
137,0.316782816707,0.109094284599,0.0348488140021,0.219578082561,0.0910393670553,0.145779368086,0.0720142523328,0.00610787848257,0.00475513617398
138,0.266015165841,0.120338982295,0.013350306078,0.447057630113,0.0626838625168,0.0388065001528,0.0393352343055,0.00479141862553,0.00762090007205
139,0.137774663671,0.0811272666053,0.0445430766627,0.455122656171,0.0798457394105,0.0575616259369,0.13784738053,0.00613691116895,4.06798443451e-05
140,0.0412178440842,0.201316791669,0.0458888771872,0.0581016922073,0.0907109301877,0.0690628411365,0.478270714938,0.00756624446925,0.00786406412077
141,0.0107828711264,0.0711298581545,0.000625405442082,9.46135529906e-08,0.055331157615,0.0558542756338,0.80295463222,0.00331389665233,7.80854281128e-06
142,0.087948969383,0.203014949485,0.025680247707,0.0719475999357,0.0740453350473,0.0803904766328,0.44453973964,0.00846484035563,0.00396784181333
143,0.250018207375,0.159512856569,0.0283338747851,0.197828273536,0.0650868430812,0.103266967961,0.179243108541,0.00702594711077,0.00968392104051
144,0.0608751675784,0.163155831003,0.037632858291,0.212000951579,0.0538334952643,0.0600752094952,0.404224547304,0.00479275274688,0.00340918673731
145,0.207044861837,0.161222835566,0.0279058329018,0.180868977975,0.0591879685613,0.0929431554607,0.255117405454,0.00679570814853,0.00891325409608
146,0.373540564487,0.053675740483,0.0390262898527,0.164009442359,0.160030340583,0.190735043071,0.0131478281625,0.00456330965505,0.00127144134674
147,0.0683316567621,0.109806618068,0.0406614787652,0.334628308344,0.0752312565918,0.16646331976,0.19237315024,0.0071551646337,0.00534904683427
148,0.218421646873,0.161494257893,0.024388089475,0.106484102037,0.0595476045514,0.106797215913,0.307003840473,0.00688943079687,0.00897381198822
149,0.0653100672241,0.217639736821,0.0161740706741,0.101160961696,0.0772934329878,0.109062473019,0.401999833803,0.00814246540863,0.00321695836701
150,0.221167424155,0.159547617714,0.0283818228759,0.166879705307,0.0585458504538,0.0893585085108,0.260077914265,0.00675437441811,0.00928678230018
151,0.114267261571,0.203047368186,0.0214411544166,0.0238237087156,0.0801345890126,0.109426093306,0.438524603216,0.00689411539974,0.00244110617561
152,0.00054857427774,0.297062904785,0.011559841424,0.00218257160698,0.0945609861861,0.0243808337737,0.559533523085,0.00517870810479,0.00499205675722
153,0.25576593659,0.069575565784,0.0140258708811,0.373432844295,0.058972309927,0.0819388392646,0.140300838475,0.00550840819486,0.000479386588682
154,0.240101508771,0.113888944276,0.00508373058512,0.284315275684,0.0670937046287,0.0866436429694,0.19441460114,0.00528590529153,0.0031726866536
155,0.0742005960079,0.237878872403,0.0313301818595,0.0774363124899,0.0828658170604,0.102188161817,0.374036119348,0.00832919398703,0.011734745028
156,0.17434415616,0.200132493674,0.0310318846403,0.0495197748853,0.0952141426807,0.0787505373188,0.355132602684,0.0076146100518,0.00825979790411
157,0.0116206139428,0.191259702552,0.0417560555704,3.79459347206e-07,0.0793826709041,0.00187364212253,0.667773861154,0.00365928044953,0.00267379384591
158,0.166851382576,0.209790473333,0.0188747747509,0.028977604249,0.0299665806405,0.115367083604,0.411837980771,0.0082825860451,0.010051534031
159,0.164209518779,9.16181206155e-08,0.00182403185084,0.000260246548025,0.565901826769,0.267801433758,8.96007980441e-08,2.67147505113e-06,8.96007980441e-08
160,0.0169601209402,0.269714530805,0.0269288509361,0.0261773392208,0.0901539224982,0.0849756553537,0.465929820928,0.00815640994413,0.0110033493737
161,0.236833316675,0.156624570923,0.027756805809,0.183062641517,0.0550317681732,0.0815372926548,0.242817044868,0.00666399066778,0.0096725687124
162,0.168360887272,0.174690362648,0.0425650648314,0.162645358201,0.0934473734938,0.0514417372092,0.296547396674,0.00875688778538,0.0015449318854
163,0.0943008516525,0.219694670667,0.0258289758743,0.0294199652299,0.0611338975526,0.0791987041693,0.476830828569,0.00893162363586,0.00466048265036
164,0.129649458286,0.16419695422,0.0414124602204,0.188107933519,0.0655642192382,0.0476150159977,0.352830015611,0.0058939799956,0.00472996291086
165,0.164382462781,0.173040970648,0.0296450148913,0.175525711269,0.0599085259644,0.0864849597259,0.297150764828,0.00691374743633,0.00694784245635
166,0.150951191666,0.190265575793,0.0250821845179,0.136709695514,0.0757740523334,0.0454857274524,0.36144039992,0.00611333656311,0.00817783624039
167,0.106730971956,0.193630767882,0.0296534034746,0.0697489644838,0.0889234273588,0.0967542206104,0.405385437699,0.00739762107179,0.00177518546328
168,0.234204698407,0.145141899516,0.0293650814843,0.209175467647,0.0566045426453,0.0918808686875,0.218346113891,0.00652598524779,0.00875534247418
169,0.0322755919196,0.235118179145,0.00888354716845,0.00828194750306,0.126310089811,0.0268760927978,0.54997796962,0.00470892154839,0.00756766048596
170,0.34190810211,0.00544373851915,0.0401895036768,0.572659689294,0.0369199773675,0.000330523610343,0.00148968286672,0.00105410102706,4.6815285496e-06
171,0.0229529187251,0.179007445739,0.0230304645806,1.32094612798e-06,0.120434189006,0.00414396997046,0.643779399935,0.00380862379042,0.00284166730809
172,0.203040255631,0.150307838442,0.00616683614697,0.0873000021424,0.0650613523499,0.115375535348,0.358032215408,0.00547714856622,0.00923881596588
173,0.242233563856,0.136211960755,0.0425363766038,0.201388660655,0.103492574817,0.0735942656663,0.191340932451,0.00737200516927,0.00182966002668
174,0.273325581353,0.133600389843,0.0316356443202,0.13028533129,0.0669271457687,0.064063428141,0.279586204678,0.00914867269267,0.0114276019125
175,0.132566968194,0.147398296324,0.0119933564655,0.00259937669755,0.09518822504,0.0884159903,0.512653916461,0.00568532840164,0.00349854211537
176,0.0637085049335,0.214414977356,0.0511000874655,0.000181794601825,0.0957495135599,0.010700165091,0.554624775414,0.00574110373718,0.00377907784129
177,0.272399196153,0.175681244648,0.0101644540727,0.214262411111,0.0617926222502,0.00278654490216,0.252377928915,0.00485895541091,0.00567664253672
178,0.093835152458,0.137249929462,0.0153120889055,0.288019984268,0.066747093648,0.0589962452316,0.32646719288,0.00607397682614,0.00729833632131
179,0.219821360737,0.166550969671,0.0277154174817,0.152386286069,0.0522003718537,0.100672604332,0.263463307655,0.00691832905501,0.0102713531442
180,0.00016429273945,0.342714059891,0.0173074304979,0.000316489948827,0.0305110558099,0.0836449683047,0.517986936599,0.00440079857543,0.00295396763305
181,0.225708673209,0.150249302242,0.026072173486,0.175816374715,0.0602568843119,0.0990623369965,0.244808411501,0.00727178866037,0.0107540548787
182,0.0497565879138,0.217441071104,0.00145131559944,3.50681356138e-06,0.000475527691132,0.132311126808,0.580266402631,0.00752900471074,0.0107654567287
183,0.226208545219,0.157936842606,0.0229404723447,0.209884419899,0.0574580382431,0.0546468464145,0.253895587599,0.00691521417622,0.010114033499
184,0.224581155888,0.13365022437,0.0397632117454,0.268756711716,0.0649234034386,0.0548108358701,0.204281721546,0.00588218396804,0.00335055145707
185,0.121912803423,0.202018571145,0.0333457032127,0.124709211294,0.0721172025399,0.0985174780164,0.328044047488,0.00783891344505,0.0114960694364
186,0.228264821509,0.150757856805,0.0287516963919,0.19451329935,0.0605900522077,0.0971521031362,0.224824960929,0.00658679582981,0.00855841384205
187,0.156213890155,0.175284551368,0.023673459429,0.17277941008,0.0630765571333,0.101143795809,0.295016191207,0.00697476798813,0.00583737683039
188,0.209710127242,0.150566993194,0.00601757485635,0.0951265415245,0.0634631074381,0.117513086967,0.341627127272,0.00541003499924,0.0105654065076
189,0.209633890879,0.165622443142,0.0235125016708,0.0921425353522,0.0623747188014,0.105959158217,0.326549380145,0.00680433816359,0.00740103362863
190,0.246632005013,0.1675479161,0.0308987935131,0.151299425146,0.0600764085966,0.0775085513927,0.248246212518,0.00675801168522,0.0110326760358
191,0.00804970960477,0.174202473225,0.0447601096309,1.27430517338e-07,0.0869813435,0.00073593694487,0.68165502823,0.00280447299584,0.000810798438117
192,0.276606561173,0.0786312805775,0.024140574803,0.450887746503,0.0301763275787,0.038382846431,0.0969821621316,0.0010107732238,0.0031817275791
193,0.00553898045336,0.220293510813,0.00305472707544,4.92316765212e-05,0.000911063407099,0.169298209648,0.589814817999,0.00530689178159,0.00573256714587
194,0.0571148052866,0.0828664506658,0.00710686135376,0.0771988432618,0.0917700581034,0.0499928315161,0.540724805411,0.00906421124982,0.084161133152
195,0.253790531102,0.135973681531,0.0306110510583,0.210906414596,0.0649934811523,0.089402807067,0.201380061305,0.0064156410468,0.00652633114136
196,0.252857821589,0.0908077076721,0.0336056614107,0.224763283169,0.0739980494839,0.131702757441,0.183226408291,0.00546843635948,0.00356987458389
197,0.20273267562,0.157270673289,0.0306556312057,0.187403309443,0.0957832982832,0.132697587928,0.181539153931,0.0074738922648,0.00444377803569
198,0.000713363228467,0.241207481251,0.035110537376,0.00500000727302,0.0709476648183,0.382705881907,0.25423809751,0.0088288332545,0.00124813338199
199,0.220924032276,0.154159755172,0.0285511991003,0.200394192312,0.0578930837487,0.0872642297983,0.235381868582,0.00664094124072,0.00879069777033
200,0.140198583593,0.169725797122,0.0130455790027,0.0049673135254,0.0742763801366,0.100267652545,0.487239123513,0.0073014659205,0.00297810464194
201,0.0385076083856,0.161169219504,0.0101895415326,0.316405533598,0.0807371923371,0.00445775579749,0.382248397606,0.00260115954097,0.00368359169792
202,0.000248085719937,0.199162237349,0.0308572465589,1.29530152069e-07,0.0923463460518,0.00122869027515,0.6703983329,0.00280704457878,0.00295188703621
203,0.212730027538,0.159061842858,0.0280413430629,0.172009301927,0.0588099655175,0.0942880179307,0.259341667564,0.00675178961845,0.00896604398359
204,0.177292503571,0.1796243366,0.0298255867505,0.156690815446,0.0615463986633,0.0986737453118,0.277927664527,0.00727049589696,0.0111484532345
205,0.116877331863,0.132723703683,0.00704242996339,0.00054665937664,0.0724177125569,0.112934095594,0.550105482592,0.00635900857954,0.00099357579212
206,0.206477267931,0.158135647919,0.0289031686831,0.185521139028,0.0576846781563,0.0953915249123,0.250875647697,0.00679925618718,0.010211669486
207,0.22853399519,0.152151319952,0.0280012478847,0.195502228348,0.0542247414668,0.0925432857959,0.232872571602,0.00647120713894,0.00969940262317
208,0.0499955619685,0.0727634539874,0.0481400428114,0.0294118820587,0.144418058765,0.0207682165719,0.574351924725,0.0128623596734,0.0472884994387
209,0.207502993397,0.162633603648,0.0275590706211,0.169309241191,0.0576763341815,0.0973011672714,0.262077380825,0.00683590299036,0.0091043058753
210,0.211158198074,0.158944572254,0.029093452441,0.166078247815,0.0599906139129,0.101711070295,0.257768326918,0.00690569183724,0.00834982645207
211,0.0120317567883,0.2460359377,0.0144402414551,0.0195646212611,0.0302648520957,0.090758364834,0.577923188225,0.00674156303961,0.00223947460186
212,0.230261780955,0.229125428725,0.058742930143,6.54756026191e-05,0.0614461831251,0.000488611843829,0.401144018689,0.00335492682627,0.01537064409
213,0.234574272452,0.145950009426,0.0277220099985,0.212596273586,0.0586184034587,0.0896041581803,0.215995378891,0.00654608562739,0.00839340837992
214,0.0355939426775,0.22193806817,0.0213547964102,0.0426936587875,0.0762313412148,0.0789671489391,0.512360222782,0.00832738078055,0.00253344023816
215,0.41737570994,0.126910689272,0.0278372092168,0.10853531065,0.121300109619,0.182491876446,0.00400780447056,0.00683277977378,0.00470851061125
216,0.236155372263,0.17190077936,0.0353139111185,0.286548764306,0.0922888773166,0.0747279932329,0.0921702509921,0.0064354908259,0.00445856058529
217,0.225219754878,0.156231348902,0.0301036596869,0.20321716603,0.0606019505834,0.0650392016024,0.242335488839,0.00670765286457,0.0105437766148
218,0.111949248575,0.140449971213,0.0115272393757,0.0123948977345,0.0814652864666,0.134140080609,0.495606814512,0.00474251812892,0.00772394338674
219,0.147739501498,0.157325295562,0.0121821900173,0.00597803582297,0.072582304567,0.112690610193,0.482079044282,0.00707509173356,0.00234792632395
220,0.000648384184419,0.230043114198,0.0175358342444,0.0760396597369,0.0222484976571,0.119089891911,0.528991594935,0.00406939849535,0.00133362463701
221,0.0367697692262,0.168751920721,0.0142359987946,0.127942677003,0.0952817686585,0.0366120063723,0.50943308542,0.00662403043771,0.0043487433668
222,0.242941504789,0.148012676903,0.0186123602218,0.173181626659,0.0683977438622,0.0789554458633,0.257672870021,0.00631151912949,0.00591425255072
223,0.210820002606,0.147156529574,0.0281932478225,0.20573816583,0.0568990939009,0.0993179951441,0.235678392308,0.00653340128753,0.00966317152713
224,0.107708049378,0.192223803164,0.0145382855681,0.00218695298938,0.0634546505378,0.0714392208416,0.537288744569,0.00779011354996,0.00337017940222
225,0.141215250702,0.19578872168,0.0248881144527,0.109578312848,0.0769479118767,0.0722196368668,0.366779461848,0.00738608376615,0.00519650595938
226,0.132150108155,0.192595035458,0.0238757213147,0.140986896362,0.0680328392854,0.105838456259,0.321866984365,0.00778287592184,0.00687108288007
227,0.121483387469,0.133827645511,0.036452352625,0.055542810424,0.0766668275666,0.0698970495029,0.476779289272,0.00989902666463,0.0194516109656
228,0.0663444907805,0.21204844115,0.0278340777467,0.0675409263399,0.0930500701273,0.095341513418,0.415405258208,0.0093498045111,0.0130854177187
229,0.000496779106176,0.236307442347,0.001569090627,0.00431754316489,0.0742572790979,0.0672770955734,0.609745410385,0.00593234683634,9.70128625111e-05
230,0.0130576648664,0.170607213504,0.0383243368065,0.0106237805877,0.103007032694,0.0289436889676,0.624558796658,0.00687234899622,0.00400513691913
231,0.257605311335,0.134120473001,0.030998964513,0.22213111093,0.0644522979181,0.0939935946657,0.183761252257,0.00629721218143,0.00663978319827
232,0.213238505013,0.152338637747,0.0268216944265,0.196629223602,0.0630799491,0.08591088798,0.247812914414,0.00661517977884,0.00755300793965
233,0.0935911104994,0.11711116956,0.00123784823011,0.230987664866,0.096994329488,9.65799659078e-05,0.443666055184,0.0103407803374,0.00597446186832
234,0.223216385961,0.154582875341,0.0278125767195,0.185413114145,0.0555508109201,0.0945841211385,0.243486621577,0.00649613895489,0.00885735524296
235,0.052342029816,0.183798618769,0.036938058877,0.0594133837831,0.0819991550077,0.0701703536345,0.500860492138,0.00814940000751,0.00632850796684
236,0.202760904494,0.156040089304,0.0299202737222,0.179158277934,0.0610972030991,0.0928345523666,0.263084284834,0.00690247219767,0.00820194204875
237,0.159027907622,0.148798016295,0.0169098629125,0.178215372537,0.0747944488653,0.0525328414425,0.34649939449,0.00821156036942,0.0150105954652
238,0.219252177147,0.15368976789,0.0282471973866,0.197101575665,0.0573422958211,0.0950105295995,0.23464166488,0.00659255043728,0.00812224117341
239,0.223810925834,0.14912807451,0.0296191432313,0.191989206103,0.0579160072813,0.0914582643878,0.240674571588,0.00663363218361,0.00877017487966
240,0.224449127951,0.1512006826,0.0276007546354,0.198207422172,0.0540128949937,0.0947253888097,0.233634211785,0.00648972469852,0.00967979235516
241,0.0923387659625,0.122903797553,0.0140363364516,0.359827285275,0.0578897862492,0.0584114307102,0.280992865283,0.00537551701326,0.00822421550266
242,0.235614577741,0.137285272526,0.0270788810252,0.23437593524,0.049649729566,0.0846715906528,0.217992603002,0.0051722433824,0.00815916686461
243,0.225423204643,0.154771315582,0.0266454904105,0.184735264572,0.0620043483897,0.0832364933422,0.249048477426,0.00665413033848,0.00748127529536
244,0.278809586459,0.0834741863037,0.0331908589505,0.277437126758,0.0851893803491,0.103794440685,0.124627633319,0.00702876620636,0.00644802096884
245,0.131453345593,0.150931576822,0.0366972803037,0.251080782574,0.0778036391138,0.0900235706985,0.253676940471,0.0076244028359,0.000708461588505
246,0.101533667901,0.236283517278,0.02784863359,0.0920289558356,0.0495261519907,0.0136116284993,0.474844358531,0.00430665826165,1.64281127511e-05
247,0.371773220573,0.0470403065524,0.0382011098647,0.160682192835,0.161181509117,0.208802016188,0.00701949299091,0.00420471278394,0.0010954390954
248,0.216097824858,0.152802132226,0.0262077209563,0.188931593763,0.0559122797939,0.0891534790273,0.255074600732,0.00664888170636,0.00917148693768
249,0.0751233351516,0.260174641472,0.0308621921941,0.0176343232551,0.0890579676455,0.0316640247914,0.482777575582,0.00790989472403,0.00479604518461
250,0.231552924046,0.156418159675,0.0275205425395,0.172204853187,0.0517060628762,0.101260834097,0.242937167408,0.00666576872714,0.00973368744464
251,0.266741404763,0.10914052823,0.040611402717,0.283457516452,0.0739072197678,0.00660729471175,0.200621366082,0.00517793248029,0.0137353347948
252,0.148494463344,0.188173747542,0.0289005757188,0.123415242332,0.0660943792798,0.0944555138559,0.335511099916,0.00789439247726,0.00706058553483
253,0.218933612482,0.147473034601,0.0288243361994,0.19527398301,0.0573804172341,0.095353540098,0.241326210285,0.00647758140418,0.00895728468715
254,0.21664288875,0.154183643351,0.0274929664892,0.195245548805,0.0564353603593,0.0911804160214,0.24308697415,0.00655648861327,0.00917571346106
255,0.229106946038,0.147776387024,0.0298541851301,0.199641796854,0.0586262456425,0.0867633432913,0.233457243165,0.00660737199894,0.00816648085554
256,0.139675471031,0.0912872861314,0.0152955073925,0.441535756392,0.10358126004,0.0876108245701,0.116210637618,0.00387382556589,0.000929431258655
257,0.22334821823,0.154399923592,0.0305567650483,0.181506072494,0.0645044073125,0.0892287258568,0.242853709061,0.00697362774105,0.00662855066483
258,0.20812776565,0.153470231252,0.0498540740842,0.148220214162,0.138313587976,0.0728160622317,0.219048064661,0.00848555486917,0.00166444511262
259,0.0730222305164,0.204886206221,0.0246731534935,0.083847670159,0.0733341957481,0.09511901798,0.433168102441,0.00840975756857,0.00353966587246
260,0.0671063338535,0.232853190561,0.0307128347133,0.0709483264826,0.082698188026,0.0824875526006,0.417533828266,0.0084404987061,0.00721924679075
261,0.188430819765,0.212331833754,0.0535090475183,0.00933474792969,0.118101477595,0.032695483224,0.369190514626,0.00887802594695,0.00752804964127
262,0.184740360419,0.177556104198,0.0265032207025,0.136542088939,0.0670893475752,0.0907644393652,0.30318103826,0.00742338535947,0.00620001518148
263,0.0970676863645,0.172784182822,0.0321680475311,0.23707763684,0.0592708688282,0.0537808712974,0.336801391378,0.00552774171658,0.00552157322269
264,0.0225451344647,0.176403870811,0.0299953433776,0.201543929393,0.0551283064596,0.144406508861,0.355182819656,0.0076052139939,0.00718887298287
265,0.231347857995,0.155481318033,0.0272221596822,0.179295215322,0.0546706935414,0.0856509044081,0.250838400118,0.00669712224528,0.00879632865526
266,0.0416866511556,0.0426129887892,0.0253396551209,0.168777792208,0.259272711528,0.252822805114,0.204840932453,0.0045167990983,0.000129664532307
267,0.18062029184,0.21222091785,0.0294459676079,1.33662342063e-06,0.0618022070763,5.49789180903e-05,0.50238653406,0.00204954737862,0.0114182186455
268,0.11772216478,0.140550866551,0.0079320799774,0.000705509062832,0.0735330427245,0.112204820145,0.539641273864,0.00655896937688,0.00115127351868
269,0.214942121827,0.176775158133,0.0258980584897,0.0927891601927,0.0595755840722,0.0828543544991,0.331583422361,0.00688419364128,0.00869794678347
270,0.00540423547146,0.158831890775,0.0420926761167,1.3415719543e-07,0.095637699618,0.000306139967754,0.694815683669,0.00247731039343,0.000434229831388
271,0.305266529328,0.205024964525,0.0342410106604,0.00723285252237,0.0790083849016,0.0916722959029,0.257700161416,0.00839982909719,0.0114539716464
272,0.138177106675,0.176377967326,0.0293896654036,0.158558442616,0.0631690348905,0.087621273904,0.333671978815,0.00704502963555,0.00598950073375
