ID,class1,class2,class3,class4,class5,class6,class7,class8,class9
0,0.16958685387,0.250438357956,0.0430471542794,0.313563288798,0.0432756606843,0.0218240308375,0.153278914448,0.00419789990245,0.000787839223472
1,0.256956975136,0.0444520313287,0.00867759059477,0.528561541927,0.0155075651515,0.0156314816491,0.127157848713,0.00218436620704,0.000870599293373
2,0.243875487542,0.135785192385,0.0131289164353,0.180114101716,0.0260141049297,0.0331496362196,0.363668008111,0.00305693450365,0.00120761815815
3,0.203315482651,0.0687191674792,0.0101200809444,0.580679044682,0.0160318531287,0.0751179147173,0.041275651689,0.0033773740618,0.00136343064724
4,0.102656504584,0.119315041842,0.0168514947679,0.0626006053862,0.0152935381518,0.0274552636409,0.651857785799,0.00334156945372,0.000628196374566
5,0.188250754947,0.10587017709,0.0293160918307,0.266969750913,0.0240875520234,0.0202580338394,0.359863724298,0.00441627529169,0.000967639767584
6,0.218270526243,0.0747417434669,0.0170610668188,0.348139899397,0.0388301959163,0.0514195644915,0.24544163826,0.00438329422136,0.00171207118435
7,0.148581091509,0.115617877964,0.0180116041266,0.15997400261,0.0188444926893,0.0313282628721,0.503140783895,0.00348181083861,0.00102007349434
8,0.282225853891,0.0392486842418,0.0359218879309,0.534979023441,0.0422953688163,0.0169066482353,0.0313105191822,0.00327948063123,0.0138325336301
9,0.137522059043,0.111492477954,0.0165367708059,0.179903948703,0.0153699699112,0.0300260390022,0.504130509107,0.00377288103368,0.00124534443984
10,0.127161002066,0.11499830905,0.0176661311054,0.118375731568,0.0170990932692,0.0313627236295,0.568707773304,0.00390304494334,0.000726191064848
11,0.126569898117,0.13253776043,0.0188656154355,0.122362295603,0.0165656176096,0.0328352328859,0.545695855386,0.00376632191941,0.00080140261461
12,0.136008493137,0.123919424648,0.0167197282084,0.0783446046984,0.0199936734061,0.033273543822,0.587769362355,0.00335480338077,0.000616366344348
13,0.187917737489,0.0738329010975,0.0102217977304,0.470598631209,0.0579737354136,0.115387595071,0.0732870961633,0.00710943339897,0.00367107242715
14,0.14895555179,0.118965584153,0.0193208159648,0.141948683785,0.0180436285984,0.0310079668647,0.517378121808,0.00343446875468,0.000945178281486
15,0.136926277978,0.0389393266508,0.0185698207021,0.667810328859,0.0230154334693,0.0540506037273,0.0522961332747,0.00235608171706,0.00603599362226
16,0.199397198293,0.118019765851,0.0170400955515,0.285795430276,0.01773621865,0.048435698175,0.3090878085,0.00333719956095,0.00115058514236
17,0.371955979878,0.102267371367,0.0138133314963,0.191034709759,0.101042906319,0.0272256923955,0.182748471258,0.00561567112008,0.00429586640728
18,0.17485866493,0.11897034362,0.0140210097844,0.240884931203,0.0260443331927,0.0462468286941,0.374918034648,0.00308989518172,0.000965958745514
19,0.10674146151,0.160513564675,0.0588366216801,0.183902068756,0.0196619300832,0.0460444761908,0.421430351835,0.00260204454319,0.000267480727683
20,0.182312041177,0.135031373937,0.0109145370809,0.439430173491,0.0605162204404,0.0342045198182,0.13527244708,0.00192735275054,0.000391334224392
21,0.0999899029358,0.306643187783,0.0265779915978,0.164413302218,0.0337654984341,0.0695353863724,0.294649801333,0.00408615701338,0.000338772312757
22,0.150737432391,0.110132658797,0.0256547650609,0.279161157509,0.0196117619343,0.0411122992624,0.369151902109,0.00349721650442,0.000940806431838
23,0.175953050927,0.213110927189,0.0192490198473,0.203474498169,0.075136475798,0.253448199389,0.037058939504,0.0101956830106,0.0123732061648
24,0.166066298164,0.0924169438001,0.0194514675635,0.573963139708,0.014586299901,0.0309755511309,0.0958255414042,0.00454282540954,0.00217193291842
25,0.144853279826,0.126974155974,0.0181836189497,0.103047364783,0.0179100188793,0.029883072466,0.554464987786,0.00397223112817,0.00071127020745
26,0.161340952151,0.0431380852391,0.0418032630051,0.656453564362,0.0137094129778,0.0262618939379,0.0550658917892,0.00188279664515,0.000344139892627
27,0.100468420336,0.12394630465,0.0268072561496,0.137852776199,0.0155203557352,0.012223963862,0.580403570378,0.00253087659058,0.000246476098776
28,0.23980988488,0.075019784848,0.0261301924679,0.480831252351,0.0306351096275,0.0462133362319,0.0947679557968,0.00359848115369,0.00299400264347
29,0.180921233393,0.125871765446,0.0282831256399,0.418898753928,0.04057208641,0.0242294384312,0.176197319331,0.00455173703824,0.000474540382964
30,0.29076210734,0.125106846243,0.00894594722569,0.334646337178,0.0348225399487,0.0571852707129,0.143722204521,0.00389069411728,0.000918052713292
31,0.0952076988318,0.0741203129339,0.0111560254398,0.699681254889,0.025210854508,0.0471197854093,0.0349375882254,0.0106602663352,0.0019062134273
32,0.101857678653,0.119326434959,0.0168076273219,0.0622079472676,0.0152569444488,0.0272892783419,0.653293826144,0.00333359664234,0.000626666221171
33,0.601986781328,0.0733425496675,0.00337960892532,0.213803136558,0.0392035352102,0.0246538076304,0.0404407498587,0.00166718649984,0.001522644322
34,0.218341500032,0.32558448417,0.0340616006749,0.0947713646115,0.137715373679,0.0507244937168,0.134262213423,0.00427697637357,0.000261993319556
35,0.119180329414,0.120793166123,0.0172673029554,0.0828215536029,0.0161604935562,0.0293962237273,0.609990625202,0.00363721208628,0.000753093333861
36,0.172779256018,0.08159598851,0.018401574218,0.481827723698,0.015441224425,0.0238065622044,0.200397728076,0.00232998004574,0.00341996280394
37,0.13115828618,0.12936326087,0.0221219052512,0.262980064411,0.0179681240044,0.0400435069267,0.390431399532,0.00505934647291,0.000874106351355
38,0.157517700203,0.0448665607553,0.0120034399759,0.5762097881,0.0227289009508,0.0322236677641,0.149630355635,0.0023625553434,0.00245703127169
39,0.181829582419,0.110493684321,0.0137170057169,0.303115819321,0.0324077867511,0.0601192594484,0.29356940711,0.00386080978596,0.000886645127665
40,0.0859488225535,0.278218438082,0.0354526665888,0.107318367666,0.0186991526082,0.0194089502074,0.452171074267,0.00241437434091,0.000368153685844
41,0.111876291636,0.123460569872,0.0168270457469,0.0888375125615,0.0153127429339,0.026871697509,0.612339623624,0.00382389282852,0.000650623289241
42,0.353665383617,0.0524376293264,0.00833909545304,0.4294292072,0.0365054252382,0.0129191889666,0.101587757056,0.00303796192662,0.00207835121614
43,0.242576144632,0.16282334779,0.0142965419778,0.239983668563,0.0187145304329,0.0554728392027,0.259304295923,0.00586196462602,0.000966666852898
44,0.132831947203,0.125588291921,0.0165970365856,0.0865054489525,0.0165276065901,0.0307441675404,0.587141231112,0.00343310352501,0.000631166570045
45,0.279651308781,0.0340931647752,0.00689469198507,0.503522466769,0.0152958201529,0.0160421705162,0.133922458172,0.00369203947278,0.0068858793756
46,0.109787100808,0.236769453567,0.0203277123435,0.0547267236621,0.0203943887929,0.052811867251,0.503090049352,0.00186822811673,0.000224476106812
47,0.131639869124,0.167866650791,0.0194217012919,0.220567094021,0.0172158776972,0.0406193503259,0.398156158158,0.00355287478577,0.000960423805583
48,0.228349538498,0.103058109837,0.0352847345523,0.453119932839,0.0346008147954,0.0397839141086,0.0994902149187,0.0050815951951,0.00123114525626
49,0.129294064635,0.0549534444952,0.0193991467154,0.440350779621,0.0171732214407,0.0266779756196,0.30752171373,0.00184372957687,0.00278592416533
50,0.181817705284,0.0852215527426,0.0130446719704,0.360971302383,0.0253115306429,0.0397475472282,0.289074063322,0.00378453934756,0.00102708707992
51,0.120285490327,0.129804198498,0.0251198799332,0.346439768106,0.0410120016548,0.233087888119,0.0849494576064,0.00896829190262,0.0103330238527
52,0.46170467901,0.0130924018943,0.00283283346934,0.41383684335,0.0396240856379,0.0449325339737,0.0143714393069,0.00597274661943,0.00363243673865
53,0.0824447517903,0.0249565174328,0.0071232945966,0.696153748981,0.013074565093,0.0597287206469,0.110720389194,0.0028219294462,0.00297608281884
54,0.116416130315,0.116675450782,0.0196569472054,0.103873861804,0.0167631997316,0.0284222350624,0.594011764523,0.00349073221296,0.000689678364073
55,0.118195757301,0.12938120895,0.0177941090364,0.115970170238,0.0167131224613,0.0359323734595,0.561743694142,0.00352414266681,0.000745421745277
56,0.217998945221,0.122078156948,0.0123026427123,0.350619465577,0.0248325316883,0.0346729318453,0.23339009914,0.00342107820754,0.000684148660233
57,0.143115032612,0.13348712802,0.0349432088996,0.139575004639,0.0215971620282,0.0410438338635,0.48071896198,0.00461699931408,0.000902668642383
58,0.175872051828,0.110110275355,0.0176629441427,0.0638178561373,0.016033349171,0.0286779918319,0.583663736392,0.00350323874753,0.000658556395185
59,0.163638040488,0.019234420008,0.00292380741779,0.708072849159,0.0142945296378,0.0628337916935,0.021536103451,0.00299783776811,0.00446862037725
60,0.150461030227,0.143126994239,0.0786225538229,0.217538922882,0.0232364227778,0.0717110718607,0.310167608486,0.00425739425048,0.00087800145452
61,0.177814535778,0.0955076062263,0.0151908423855,0.604630360437,0.0280195885813,0.0425519658954,0.0286044643326,0.00295963808678,0.00472099827738
62,0.515922046033,0.0711816658739,0.00791719862792,0.183335829198,0.084564588434,0.0431073307824,0.0852488052493,0.0036066944987,0.00511584130351
63,0.157621188055,0.142354974553,0.0190609780176,0.126312978403,0.02136301071,0.0295864811553,0.499160505327,0.00369229604928,0.000847587730092
64,0.0864903948248,0.0433516982201,0.00705838142217,0.736539592621,0.0126960649839,0.0331055002053,0.0732399659618,0.0023576562313,0.00516074552998
65,0.161117154776,0.115264720408,0.0176186112719,0.194228116734,0.0172024817391,0.0348648445053,0.45473623952,0.00382716938858,0.00114066165644
66,0.115690314948,0.122295982819,0.0172335462679,0.0896380756996,0.0168159976008,0.0313806847885,0.602722519135,0.00347865425039,0.000744224491287
67,0.188793669513,0.101079467592,0.0465497671774,0.119084479126,0.059040100254,0.0407311149113,0.440743436916,0.003545749927,0.000432214582553
68,0.239671415258,0.119224903651,0.0117284889811,0.271243777423,0.0245700123821,0.0468026848653,0.282424660151,0.00361477120178,0.00071928608637
69,0.220780571259,0.302939325302,0.00652178776572,0.151698722573,0.105948393487,0.0726018997252,0.133936743448,0.00510412142284,0.000468435018147
70,0.0844976396246,0.0625401146197,0.0205858030687,0.735112182109,0.00998272783798,0.02752381882,0.0528512139473,0.00585930484149,0.00104719513125
71,0.17784549666,0.157695702068,0.0227013379103,0.215206528993,0.0218050406821,0.0524084347931,0.347197761011,0.00446077654642,0.000678921336723
72,0.230775003913,0.0206442697301,0.00692145284483,0.0604459967244,0.403221273207,0.252744505301,0.0218625524489,0.00217387298792,0.00121107284318
73,0.181530953125,0.113829290277,0.0158042208754,0.264447529191,0.0202785899197,0.0646242444488,0.334841254094,0.00367258361001,0.000971334459303
74,0.196872037486,0.107944106983,0.0158150934163,0.3152708512,0.019007287068,0.0444557687662,0.294753496415,0.00355024799668,0.00233111066909
75,0.160985267004,0.169126165383,0.0579875363236,0.182447429424,0.0248158812315,0.0578545618868,0.341851241224,0.0037207132223,0.00121120430196
76,0.165495770938,0.132901955539,0.0201107673791,0.500764245202,0.0227033059417,0.0305992409631,0.124818955256,0.00229420583381,0.000311552947789
77,0.164320582752,0.162399948024,0.0944197608714,0.0618857629742,0.0242353145463,0.00842059601334,0.479612782353,0.00355306502013,0.00115218744485
78,0.177491542882,0.114194538009,0.0260459829897,0.287188804734,0.0320269661554,0.0663738853209,0.293380573734,0.00282519569929,0.000472510474979
79,0.134167075511,0.11725863116,0.0184840859346,0.10084237556,0.016679535056,0.0288595432285,0.579662767133,0.00333806384964,0.00070792256824
80,0.124854520302,0.115868254612,0.0166414596191,0.0866225118175,0.0164331531138,0.0277428536933,0.607681504649,0.0034342296648,0.000721512528072
81,0.259920691016,0.134696596257,0.0120157617061,0.169061167633,0.0257918539899,0.0475052113076,0.346823497211,0.00341657422142,0.000768646657565
82,0.193127288892,0.0978912280912,0.00855966019109,0.390598798268,0.0179825104834,0.0452882130611,0.240256970284,0.00534529733811,0.000950033390873
83,0.10048416339,0.078429384133,0.0161580757609,0.590204525353,0.0202752463554,0.140435557104,0.0412591766386,0.00643284224709,0.00632102901791
84,0.205029897995,0.0486873105235,0.0538376689455,0.578601970687,0.0137055644531,0.0313432856047,0.0660176563043,0.00211446014292,0.000662185344036
85,0.23460333582,0.123482710455,0.0112416341821,0.410490852679,0.0223327694,0.0388118497526,0.154169125475,0.00435348740656,0.000514234830061
86,0.113191256729,0.119143414635,0.0178175244203,0.0826686914433,0.0159819301586,0.0282404750829,0.619015744528,0.00330711859113,0.000633844412457
87,0.147789696786,0.109954990776,0.0158154773553,0.269888254723,0.0187230492404,0.0384297579107,0.394862199686,0.00326979655626,0.00126677696545
88,0.158400606295,0.109950478272,0.0170656352986,0.273016154884,0.0329630428317,0.0467335744089,0.357001284808,0.00406207143604,0.000807151766015
89,0.260685409353,0.106558196844,0.00500752733611,0.361968252728,0.0196293982483,0.0390787169653,0.134690477619,0.0169517099592,0.0554303109465
90,0.116507606207,0.114904367703,0.0201993816504,0.102208316494,0.0162132596921,0.0299373318511,0.595639225687,0.0035754583433,0.000815052372051
91,0.310906777601,0.0704397036913,0.00421918607629,0.521700865427,0.0235353631813,0.0147071437313,0.0469557513913,0.00638307482347,0.0011521340776
92,0.356978182433,0.117567251622,0.00988168202582,0.202395160941,0.0339604302421,0.108668275178,0.162226406347,0.00601567758566,0.00230693362447
93,0.081649837324,0.333717001081,0.00405085779451,0.0517771691682,0.0150179516277,0.024337945632,0.485899554873,0.00297347049765,0.000576212001704
94,0.105684908429,0.121139485888,0.0184960258101,0.0735680422424,0.0159142949982,0.0288179390506,0.632214053776,0.0034945773199,0.000670672485784
95,0.0767292533793,0.0515324403225,0.0147752493212,0.702018188536,0.0278865317338,0.0333740970019,0.0699252250958,0.00242736189191,0.0213316527177
96,0.277485173466,0.0298193323332,0.00966250122557,0.603029396858,0.0291886979333,0.0210196063083,0.0253664275682,0.0011609933812,0.00326787092584
97,0.271339160493,0.117828115659,0.0135998197539,0.313384255474,0.0338405585536,0.0544886312101,0.187729799697,0.00600398810633,0.00178567105204
98,0.135111989653,0.111044985873,0.0189722025733,0.119322023985,0.0170699770451,0.0296055916805,0.564512193052,0.00351795842431,0.000843077713486
99,0.276361322325,0.103849579481,0.0158580012436,0.20584962431,0.0332594800637,0.0396684770507,0.319807065652,0.0042160297629,0.00113042011032
100,0.205139912725,0.102686108348,0.0139367556508,0.302952385876,0.0232965738181,0.0629787647935,0.282533125569,0.00543476933927,0.0010416038812
101,0.130918427805,0.105096159814,0.00903799390503,0.309777618819,0.031306145025,0.0592661599455,0.350527789879,0.00256385833568,0.00150584647128
102,0.371336333168,0.0718545360977,0.0106059251254,0.268635092176,0.0310667632105,0.0442220825209,0.196291682935,0.00446676619804,0.0015208185672
103,0.0847460630526,0.0991636697941,0.0327321294594,0.623178682588,0.0384849049084,0.0678687942818,0.0471381685435,0.00275650827612,0.00393107909578
104,0.174733066014,0.114347307067,0.0184487986009,0.18891538527,0.0177614341127,0.0279807370091,0.452135770263,0.00449490858745,0.001182593075
105,0.119576547472,0.126290354227,0.0177948919251,0.0897082111649,0.0170898021675,0.0297668912501,0.595852895546,0.00333006634695,0.000590339901194
106,0.115248094308,0.121689438516,0.0170414061437,0.0815113014606,0.0159101979535,0.0285068647873,0.616119878609,0.00333684078938,0.000635977432879
107,0.105690379071,0.120155330575,0.0176752815924,0.0680517373889,0.0156624101447,0.0284167066892,0.640274030913,0.00342739764909,0.000646725975944
108,0.295017850107,0.113189078552,0.00880307374175,0.273807380717,0.0284976933834,0.0389879326068,0.237260774784,0.0035563492348,0.000879866873796
109,0.105397236901,0.119188999712,0.0173361712944,0.0659956273981,0.0153611606083,0.0275607456256,0.645139704394,0.00338499794455,0.000635356121124
110,0.134104980148,0.115515023048,0.0163848016472,0.0848860819424,0.0173409850295,0.0285335792552,0.599241177937,0.00334375236056,0.000649618631383
111,0.0442536919572,0.158574525567,0.0201254612823,0.0646018004033,0.0114903711558,0.129523993869,0.569119829613,0.00179952267754,0.000510803474844
112,0.119134642929,0.118135734546,0.0181403445351,0.113573548959,0.0170535314681,0.0284357732771,0.58077460001,0.0039808567003,0.000770967574973
113,0.219661212625,0.0732116392337,0.0101168256699,0.346923803683,0.0265270783997,0.0404489803298,0.279786531262,0.00239985450521,0.000924074292098
114,0.131109780092,0.148124434416,0.0452889492154,0.128840638916,0.0222198365545,0.106992175729,0.411947111247,0.0046648455122,0.000812228318172
115,0.0919277555474,0.242370806071,0.0501245324642,0.0732925726712,0.0864595197942,0.0320476732025,0.419529353308,0.00122562142416,0.00302216551729
116,0.111332689931,0.222189582285,0.0218014449482,0.34161088945,0.0221430834085,0.155326455207,0.112024602723,0.0119653181455,0.00160593390216
117,0.19987260128,0.0396230267276,0.0159944533815,0.61440208779,0.0212161444018,0.0195314841865,0.0870488606466,0.00198566129409,0.000325680292186
118,0.0946322820664,0.215578051829,0.0992600561181,0.0095709261627,0.0177610720562,0.0334629585565,0.527253450163,0.00200348714462,0.000477715903315
119,0.0683223670684,0.285486881807,0.00886892877327,0.0981886480558,0.0152380995847,0.0238097987679,0.497935986449,0.00185311767818,0.000296171815755
120,0.275911961513,0.359266860574,0.0363368199286,0.159274802194,0.0355487605926,0.0254333984741,0.103869664404,0.00325414919622,0.00110358312399
121,0.429065137568,0.0596436207826,0.0687576484674,0.0795013887849,0.0681667847611,0.218622641387,0.0737810827403,0.00180302145823,0.00065867405008
122,0.231060404547,0.117756945106,0.00906134387327,0.28344858817,0.0368051214036,0.128534673185,0.178289660294,0.00356090756486,0.0114823558566
123,0.199376332827,0.12423446598,0.0180045683598,0.126440514968,0.0195005595231,0.0269386330396,0.481218947179,0.00363886595395,0.000647112169836
124,0.114631326478,0.120130540809,0.017383131799,0.0920995974568,0.0165847676174,0.0287467430184,0.60629280795,0.00347806595329,0.000653018918582
125,0.120102556838,0.120709389048,0.0171705507032,0.0867869084724,0.0166835405515,0.0292800355985,0.605282453232,0.00332968280757,0.00065488274891
126,0.131830712997,0.123771152256,0.016608971982,0.104685756913,0.0166704705991,0.0285720558973,0.573724944674,0.00335489530482,0.000781039375542
127,0.154974394793,0.127175545969,0.0181802844799,0.258449467258,0.0199538318988,0.0394669343638,0.375658773552,0.00544752520854,0.000693242476119
128,0.226775558217,0.139128382024,0.0117031162584,0.272880861004,0.0185774208086,0.0470205002816,0.279968955974,0.00310045829744,0.000844747135549
129,0.194427044591,0.0247559423185,0.00799335242769,0.708851005506,0.0164157138507,0.00779749694335,0.0375072262592,0.00191533465685,0.00033688344672
130,0.268297020502,0.156261229186,0.0186919800429,0.260242812329,0.0267605144582,0.048520841611,0.21735684925,0.00355570924896,0.000313043371484
131,0.144721914651,0.161746906824,0.0239037894333,0.196163369898,0.019634740743,0.0299654335542,0.41834033901,0.00474921418172,0.000774291703858
132,0.129279798729,0.116264652528,0.0164888449746,0.0839314107082,0.0175805456911,0.0284649344484,0.60412752689,0.00324300011262,0.000619285917357
133,0.121349828404,0.119169099653,0.017086622205,0.0849620101184,0.016779407573,0.0289508015765,0.607626370254,0.00339351343324,0.000682346782397
134,0.156538060492,0.114841144878,0.0173583927719,0.159828981613,0.0177646152382,0.035019270393,0.493957679551,0.00372713091231,0.000964724150878
135,0.0952643130031,0.144312037853,0.0745648018926,0.337291646766,0.04492561779,0.234118303264,0.056678347782,0.00798486616546,0.00486006548304
136,0.208890886048,0.077371061961,0.0217290945667,0.506676479197,0.0245611582361,0.0170197336769,0.140787467806,0.00186106877887,0.00110304972878
137,0.13800659019,0.117649926447,0.0179187066428,0.0923658624482,0.0152995390107,0.0286745636099,0.586074088055,0.00335532546348,0.000655398132366
138,0.178252873959,0.134671186773,0.0161283711777,0.23969827775,0.0177727544465,0.0307272242999,0.375414280079,0.00659622768453,0.000738803830644
139,0.238318019437,0.0772205010914,0.0059025711714,0.568557167815,0.030876210903,0.0254860616571,0.0483035485285,0.00343291638413,0.00190300301277
140,0.21371123782,0.144944762326,0.0174272114637,0.175508172173,0.0200627775484,0.0348043976198,0.388114551938,0.004497430672,0.000929458439407
141,0.158123136246,0.0833815196933,0.0610091777628,0.294844816789,0.0296679848635,0.00672278075354,0.364971483639,0.000837815708271,0.000441284544214
142,0.299353996433,0.202688293686,0.0207032854267,0.248411576156,0.024842133777,0.0309180254402,0.160246175729,0.00793941249383,0.00489710085768
143,0.126781517495,0.134659658831,0.0171341735494,0.0889126363067,0.0162620104829,0.0313413790073,0.580693875847,0.00358126764956,0.000633480830905
144,0.144538642325,0.325941982425,0.0195202926069,0.199374107015,0.0616906744647,0.0224623065138,0.222386802971,0.00373081532197,0.000354376356464
145,0.275777413879,0.182072273807,0.0171034758339,0.251259992601,0.0269078071478,0.0415046130766,0.197344889836,0.00665781345793,0.0013717203606
146,0.126456698653,0.109610375709,0.0179174527198,0.348216244939,0.0263886047121,0.0537458876237,0.30595346041,0.0108649354352,0.000846339798932
147,0.118867057725,0.122347037314,0.0170255623804,0.0839211534089,0.0168777359168,0.0301288547562,0.606774748319,0.00342661048181,0.000631239697396
148,0.175190447103,0.0194437907228,0.00362941552539,0.723365424761,0.0119245076163,0.023216508684,0.0377555824686,0.00213357132034,0.00334075179912
149,0.0748670960394,0.122100790346,0.13761527238,0.0540957334484,0.0356225617131,0.0143336192014,0.559053284094,0.0017640324486,0.00054761032823
150,0.217467022971,0.131947473509,0.0138138436076,0.330742792,0.023121807899,0.032762391793,0.247413737573,0.00195951872858,0.000771411919757
151,0.184962517535,0.111052388143,0.0152761891282,0.288304888704,0.0331831917618,0.0823087596228,0.281447597605,0.00300808514212,0.000456382358057
152,0.193745291357,0.131354476848,0.0180352712296,0.130137671045,0.0178398379244,0.0331284963308,0.471150650634,0.00362284288309,0.000985461749443
153,0.124832987522,0.0336970193255,0.0048077355947,0.706973698987,0.00916256936417,0.0312059348594,0.0736619487743,0.0112951033462,0.00436300222657
154,0.213167492019,0.0870880925289,0.0131899961681,0.402907025397,0.0277070797349,0.0291508550502,0.222188479916,0.00375280761254,0.000848171573252
155,0.108050060338,0.119410508995,0.0204076186366,0.0809593523611,0.0160083755296,0.0293889569738,0.621541863507,0.00351430467975,0.000718958979062
156,0.208587092135,0.108865253835,0.01109831028,0.350164148646,0.0228331008926,0.0564870930598,0.23707830556,0.00354181888921,0.00134487670265
157,0.0783402306091,0.271949337204,0.0416550828117,0.205144408052,0.0659870651655,0.104259825997,0.221187276895,0.00643647524159,0.00504029802429
158,0.0872959512488,0.0648239372171,0.00716653204496,0.617677258803,0.0165688985896,0.038196588486,0.156998519309,0.00244885793894,0.00882345636264
159,0.575145645221,0.0829031903859,0.0224226836094,0.0645900867799,0.0329387976161,0.0627046750751,0.152155345856,0.00598858760247,0.00115098785395
160,0.245386971147,0.0956477111923,0.00878192064935,0.509718052377,0.0177572046287,0.0321738019545,0.0866875967097,0.00331609571881,0.000530645622652
161,0.102643122914,0.11932424352,0.0168466414283,0.0625765140894,0.0152916590958,0.0274491833411,0.651899418389,0.00334110881405,0.000628108408335
162,0.101857678653,0.119326434959,0.0168076273219,0.0622079472676,0.0152569444488,0.0272892783419,0.653293826144,0.00333359664234,0.000626666221171
163,0.120385445731,0.118741079505,0.0167230295707,0.0961063267293,0.0164490721573,0.0288905385274,0.598415925186,0.0035087724857,0.000779810107283
164,0.24868927397,0.101229379053,0.0135550792302,0.235862949045,0.0214940964189,0.0465847513122,0.328182866412,0.00354854852603,0.000853056032968
165,0.212028831767,0.0750910495425,0.00998842800344,0.613531925823,0.0273859513636,0.0240766061298,0.0310529259133,0.00374249555054,0.00310178590663
166,0.135503952732,0.121413902575,0.0178914854792,0.110676697883,0.0194004297873,0.0326213937141,0.558480363225,0.00328057060259,0.000731204001134
167,0.103565767811,0.0759296158523,0.0406104615615,0.568052935482,0.0354083574041,0.0430464333228,0.129078980809,0.00374116178951,0.000566285967976
168,0.108976430181,0.123252275327,0.0171490454078,0.0725046610223,0.0158863818014,0.0289772827335,0.629105455795,0.00349383001495,0.000654637717537
169,0.111988974417,0.129031527987,0.063778301906,0.21077693839,0.0329083213586,0.00538896789946,0.444687245204,0.000567866439934,0.000871856398185
170,0.192773645245,0.0739317282987,0.013717469748,0.367703145415,0.0236846081733,0.0369624375134,0.286578928582,0.00349833661357,0.00114970041089
171,0.0749568049976,0.281710685713,0.0369028515485,0.145318346737,0.0456996223962,0.101332245134,0.309021350625,0.00387251630352,0.00118557654494
172,0.0831590753818,0.166620134441,0.131089833573,0.23944168158,0.0688913200953,0.0232050437972,0.280011677474,0.0071716035549,0.000409630103149
173,0.131035769538,0.111677205962,0.0180628740905,0.107729922242,0.0162790038603,0.0295422842957,0.581432397744,0.00347095998891,0.000769582279087
174,0.212878260807,0.0895661780774,0.0138998195042,0.336283539987,0.0162727384065,0.0309435789326,0.296174828833,0.00327210125211,0.000708954200067
175,0.337626874141,0.0343658928192,0.00896612104258,0.502556764138,0.0464885086054,0.0132078480307,0.0529826132666,0.00242116283696,0.00138421511893
176,0.188279917855,0.123235460826,0.0182870239991,0.205951964495,0.0185861926508,0.0310301715625,0.407794972771,0.00560797775775,0.00122631808216
177,0.188775286537,0.0573680410628,0.00579519682247,0.590963506142,0.0153826594652,0.0470432219972,0.0898910739333,0.00284385209915,0.00193716194058
178,0.213163087018,0.093306898542,0.0167082477331,0.494513483699,0.02903060427,0.0432036628746,0.105686179885,0.00167901015925,0.00270882581923
179,0.1446657414,0.0496157713344,0.00494680252018,0.731268709429,0.0140062946437,0.0208996160534,0.0281151710055,0.00283413338177,0.00364776023197
180,0.154279461621,0.211290213708,0.0574995793362,0.194930219672,0.037821580854,0.0793103560828,0.25434637239,0.00939365144958,0.00112856488583
181,0.0640551157855,0.194923822768,0.0140636324674,0.168382867012,0.0490027245189,0.0317328736759,0.458248460026,0.00836812563169,0.0112223781141
182,0.163405845143,0.133371984687,0.00989474231171,0.418177858299,0.0483060112635,0.0402089690207,0.183714143767,0.00227890748264,0.000641538025258
183,0.194071458976,0.045351169193,0.00812139219747,0.594542621104,0.0222394930856,0.0265346600999,0.104217597043,0.00300461448055,0.00191699382008
184,0.136488804009,0.135529567025,0.0168967678828,0.125707180309,0.0199770779096,0.0321322156,0.529361976139,0.00323693082047,0.000669480305963
185,0.109414303871,0.243861272751,0.0103090792673,0.305327158986,0.0637343497916,0.102670614902,0.163094791404,0.00133864647303,0.000249782554538
186,0.231254752674,0.120572322835,0.0242194658678,0.287743753327,0.0539830228988,0.0811916705451,0.187123993389,0.00856391735293,0.0053471011107
187,0.169223861144,0.0792239977612,0.0182571860078,0.499164196731,0.0155568877758,0.0335164431268,0.181215023487,0.00319143974221,0.000650964223829
188,0.128196921841,0.0237823496756,0.00972959012393,0.747315057375,0.0159415455355,0.0239250757302,0.0472852937009,0.00227436365302,0.00154980236512
189,0.465526315351,0.0850956561018,0.00915183615258,0.250731380277,0.0631013142866,0.0549857659622,0.0468761128658,0.00452844740936,0.0200031715931
190,0.13877045844,0.103825201806,0.00728715924684,0.586038789378,0.0196743039685,0.0472386957446,0.0919180178617,0.00491292336852,0.000334450185637
191,0.148587388654,0.113673241905,0.0196838526515,0.182352699265,0.017794183205,0.0266563714773,0.486922190803,0.00336785941616,0.000962212624001
192,0.175951271231,0.0827668994158,0.0159702692159,0.524874220345,0.0131999467231,0.0151180492639,0.16977239021,0.00206036232372,0.000286591271848
193,0.117668431393,0.125833649059,0.0180396261405,0.091013292335,0.0163172294554,0.0295454290096,0.597486783931,0.00344773179425,0.000647826881826
194,0.153550469658,0.124558122293,0.0157495747388,0.276774215559,0.0179725473832,0.0346405041898,0.371582632452,0.00433563624535,0.000836297481448
195,0.25644832437,0.0766847109768,0.0105811099477,0.407348120268,0.0232028365472,0.0438810909758,0.17454202862,0.0055800260903,0.00173175220411
196,0.0652399718909,0.031499325782,0.00951193738259,0.687044203794,0.0122313316793,0.0657937998414,0.115890719122,0.00680216986369,0.00598654064449
197,0.162931913137,0.11432508752,0.0182324835832,0.136942333056,0.0181107058951,0.0314532920824,0.513900064859,0.00329356243103,0.000810557437505
198,0.129916342587,0.113529907911,0.0170122406735,0.0958724197461,0.0167301775974,0.0296160645821,0.592826112207,0.00367423930988,0.000822495385992
199,0.192382356016,0.126429884025,0.0318331733427,0.462943478804,0.0366835581295,0.0473961152676,0.0928111921946,0.0087730147864,0.000747227433744
200,0.208049433245,0.130727325151,0.0188222895048,0.350420418318,0.0224646536703,0.0400302593695,0.224393540221,0.00339620701336,0.00169587350617
201,0.110140430975,0.12086094625,0.0171935297202,0.0725746859252,0.0158600600681,0.0281855911761,0.631148612043,0.00337383396136,0.000662309881296
202,0.314684526812,0.0419883216083,0.00520814904636,0.480430000063,0.0228080574856,0.0515028044038,0.07783744765,0.00420524715927,0.00133544577186
203,0.237676852072,0.0794771272611,0.0223494625668,0.470547609467,0.0413783037985,0.0457166755343,0.0984800097689,0.00248393563544,0.00189002389565
204,0.131417502059,0.0425282600224,0.0142068983111,0.679829308596,0.0246174620225,0.0189044066826,0.084321975969,0.00155253297036,0.00262165336672
205,0.0762808642676,0.059574362029,0.120486496228,0.477852462671,0.0171195766098,0.104710139624,0.140564160773,0.00159976230856,0.00181217548973
206,0.145165617124,0.191630888893,0.0138986853255,0.014898880495,0.137223782435,0.216713460713,0.278967370937,0.000787634718758,0.000713679359683
207,0.253378377416,0.0723681035162,0.00896443561503,0.385406540054,0.0246263137553,0.0368999588519,0.214253192556,0.00325022420264,0.000852854033293
208,0.322742446577,0.0988753942403,0.00937216028292,0.312587392023,0.0360989477778,0.0861066053934,0.129788568996,0.00400211778168,0.000426366928513
209,0.105770369962,0.120381970213,0.0182608781718,0.0709461548586,0.0158377274652,0.028954486948,0.635736577829,0.00345448483072,0.000657349721499
210,0.125449528656,0.128205633339,0.0180207111203,0.0888017085869,0.0167421627782,0.0288715092717,0.589789195185,0.00350369445576,0.00061585660705
211,0.101857678653,0.119326434959,0.0168076273219,0.0622079472676,0.0152569444488,0.0272892783419,0.653293826144,0.00333359664234,0.000626666221171
212,0.0544726899038,0.255910547979,0.0642851179385,0.011387889174,0.0512879947897,0.0166145740162,0.544959937087,0.000861000469898,0.000220248641537
213,0.101857678653,0.119326434959,0.0168076273219,0.0622079472676,0.0152569444488,0.0272892783419,0.653293826144,0.00333359664234,0.000626666221171
214,0.138954450781,0.117637508705,0.061498736053,0.207608925488,0.0323909229158,0.0276331267291,0.409167728176,0.00488181679462,0.000226784357074
215,0.169470488272,0.02483818732,0.0106669374389,0.0485125813286,0.100317114517,0.606690363961,0.0264874815251,0.00272143961793,0.0102954060193
216,0.271167184583,0.025755766141,0.0237783444225,0.605549679328,0.0144621669029,0.0120330297157,0.0229529738169,0.00156163628906,0.0227392188001
217,0.115274850602,0.0820249089743,0.0145353689484,0.508326036673,0.0117438640478,0.0331710498572,0.230761399347,0.00290643941678,0.00125608213371
218,0.293625839255,0.0868560030164,0.0124594533865,0.308644156575,0.0207158822269,0.026639589315,0.246961661554,0.00282971092258,0.00126770374895
219,0.101857678653,0.119326434959,0.0168076273219,0.0622079472676,0.0152569444488,0.0272892783419,0.653293826144,0.00333359664234,0.000626666221171
220,0.166252770094,0.108340737125,0.0157219533814,0.162107199232,0.0179409624922,0.0289143561295,0.495991252,0.00377023318773,0.000960536358126
221,0.340796422127,0.0444869144031,0.00458040778878,0.388345957522,0.0749269954094,0.114276368187,0.0251064921482,0.00349863831279,0.00398180410153
222,0.141596441823,0.111224888753,0.0164130094125,0.108135238055,0.0176742058658,0.0288143428364,0.57186465903,0.00356842443777,0.00070878978648
223,0.233606205661,0.182414449161,0.025125026925,0.205006396013,0.0346435854727,0.139044983615,0.174100981128,0.00549004126979,0.000568330754803
224,0.177592068559,0.118735418236,0.0164412534624,0.161587123179,0.0200978879055,0.0372675867857,0.462771172322,0.00434416846065,0.00116332108916
225,0.114128585062,0.11272960217,0.0847315863473,0.284718365949,0.0233536746034,0.00830123631278,0.364040818931,0.00154272741525,0.006453403209
226,0.190299590298,0.0484856143802,0.0169838590934,0.632044658656,0.0141211504843,0.0217563798995,0.0727631745103,0.00169113307547,0.00185443960321
227,0.219759763045,0.277263540892,0.0802105625623,0.0624621030527,0.0397715851202,0.0345745177638,0.284280761897,0.0012984544296,0.000378711236729
228,0.187272606446,0.219477140461,0.00692361108658,0.240585200027,0.0142582837654,0.121388724662,0.206716257074,0.0031595103245,0.000218666152281
229,0.133391973912,0.061109786744,0.00382533292421,0.639385863949,0.00854317351778,0.0251337972665,0.122876064941,0.00440396331499,0.00133004343084
230,0.576599472222,0.0884674760233,0.00390566594405,0.120402173287,0.0962528950817,0.0707372763212,0.0398650047577,0.00300726035027,0.000762776012135
231,0.119954244802,0.117069173541,0.0171169081138,0.0629145736687,0.0155376907892,0.0277914342653,0.635582838301,0.00339493887642,0.000638197642082
232,0.512420349044,0.0864346016537,0.00521252827205,0.259713608029,0.0234757008258,0.062450073066,0.0406197707077,0.00617657902789,0.00349678937333
233,0.270742813089,0.0637296055481,0.0134034397029,0.412108875274,0.0219843450107,0.0301315317702,0.182215732334,0.00440316552775,0.00128049174328
234,0.122908205051,0.145750590892,0.0370650039089,0.198250784884,0.0223455946061,0.0265433320907,0.444078568419,0.00276309460163,0.00029482554722
235,0.135102792412,0.119117575854,0.0183410389865,0.105318275362,0.0167835547168,0.0299816649035,0.571062709187,0.00354666782175,0.000745720755969
236,0.267829321718,0.125685107401,0.0192141858667,0.367256606621,0.0327851478095,0.0421154573283,0.141619957133,0.00139758111188,0.00209663501003
237,0.166028556451,0.073614598455,0.0271307062235,0.46002524085,0.026185870525,0.0255380486596,0.214477220826,0.00137034648205,0.00562941152827
238,0.152350131455,0.109351959232,0.0142229072803,0.440587978371,0.0138436161275,0.02160060741,0.24428309857,0.00286275839073,0.000896943163754
239,0.119436950151,0.11478782996,0.0141278992026,0.604690249727,0.0252663537015,0.0536194349878,0.0624959764578,0.00289946120242,0.00267584460948
240,0.393008946672,0.0335643813024,0.0111336091472,0.424090653194,0.0246189030619,0.0441932932035,0.0603494920428,0.00314927705987,0.00589144431581
241,0.627648290433,0.103682641531,0.00390508225025,0.149031239039,0.0473355659404,0.0336920440542,0.0284886938234,0.00436571585501,0.00185072707403
242,0.190823240257,0.160740264879,0.0242748404624,0.469180386874,0.0380806977508,0.00455329103612,0.105317679328,0.00679813727244,0.000231462140561
243,0.119266119271,0.121814183586,0.0178756051313,0.0853072465189,0.0160517804888,0.0287490863671,0.606802245086,0.00342145691422,0.000712276636963
244,0.118761901891,0.119146200769,0.0171167936991,0.0840923534501,0.0159965078455,0.0289074404702,0.611871454977,0.00339727979962,0.000710067098639
245,0.100102070217,0.202223907462,0.0304203050837,0.0352866029051,0.0810450661386,0.0160355296095,0.53378745217,0.000263420560722,0.00083564585298
246,0.171620189538,0.0708106663991,0.010236484428,0.326328760728,0.0273845632639,0.0549761759868,0.331854404664,0.0044884448106,0.002300310182
247,0.224554926329,0.0579772566413,0.00607494416097,0.549997462428,0.014671963162,0.0192546719589,0.122410202996,0.00343398752931,0.00162458479503
248,0.259766904016,0.233133690017,0.010529980955,0.177976120395,0.0587488895378,0.0329988066421,0.223413353848,0.00314704794204,0.000285206648161
249,0.18572535911,0.0581224992605,0.00622530186701,0.673950454554,0.0196318939886,0.00682524613071,0.0449141349411,0.00179487930134,0.00281023084624
250,0.513604245102,0.0981772375597,0.00516218027238,0.213715988754,0.0484707418595,0.0377846807455,0.0749926019044,0.00474992318794,0.00334240061494
251,0.105186833066,0.120401245654,0.018146451882,0.0713656841294,0.0157451803089,0.0285472560914,0.636507653876,0.00344041129419,0.000659283698858
252,0.178977137469,0.0271849266348,0.00790943327618,0.679998022038,0.0324256555015,0.032047735528,0.0347753094516,0.00215639324115,0.00452538686033
253,0.185717870759,0.07744285604,0.0101273478901,0.503202730267,0.0260964115718,0.0693495686422,0.119953986696,0.00539754672719,0.00271168140643
254,0.186912102247,0.082059042305,0.0179827624734,0.471385439617,0.0481250148463,0.0836436017138,0.106518197188,0.00297112116682,0.000402718441504
255,0.119516650598,0.0826671536101,0.0297584842295,0.602996794214,0.0233674501114,0.0422241754554,0.0936126859934,0.00518973171309,0.000666874074825
256,0.129319932036,0.211867124867,0.0166634172914,0.27983744276,0.0197245753412,0.0406099378334,0.293495703178,0.0063873222164,0.00209454447733
257,0.15112581263,0.245092947367,0.00980510201421,0.0211474659807,0.154512639103,0.137969384368,0.277610885764,0.00106526330332,0.00167049947074
258,0.110633607932,0.121322665737,0.0206105676938,0.083531791652,0.0162765344433,0.0299543290715,0.613232855078,0.00367615995278,0.000761488440276
259,0.112978465314,0.122112863876,0.0169553980024,0.0826622910275,0.0161107420327,0.0284086654457,0.616785180586,0.0033503059224,0.000636087792768
260,0.119133060059,0.117171246293,0.0171046009893,0.0628879050205,0.0155265191282,0.0277714521144,0.636374979718,0.00339249790197,0.000637738775459
261,0.239377919612,0.219106493755,0.0423666783843,0.281313846518,0.0485677466796,0.0164524515235,0.15050668527,0.00127570862689,0.0010324696311
262,0.101857678653,0.119326434959,0.0168076273219,0.0622079472676,0.0152569444488,0.0272892783419,0.653293826144,0.00333359664234,0.000626666221171
263,0.203253395274,0.225729860547,0.0182113324142,0.169310891376,0.0246413956745,0.0640274182051,0.290386186153,0.0038753958219,0.000564124533725
264,0.135145631198,0.127135319989,0.016448101201,0.11004416901,0.0201119243032,0.0352500654264,0.551613291618,0.0035303460023,0.000721151251019
265,0.137797021333,0.277553506575,0.0108295795752,0.249923870562,0.0189262733106,0.0726983405191,0.228323276247,0.00341038676329,0.000537745115625
266,0.204163095848,0.0759583488722,0.089409012899,0.338251423772,0.0298199491402,0.0174741168836,0.239644911135,0.00163349234753,0.00364564910247
267,0.113077728907,0.198025749373,0.0413401614254,0.307392191775,0.0297203604866,0.044716768071,0.263031480927,0.0025805747041,0.000114984331353
268,0.141822415329,0.107122424938,0.0159162915094,0.186892096119,0.0185722301067,0.0302819959944,0.494946233381,0.00337209966368,0.00107421295855
269,0.089974950331,0.268153480386,0.0263003540016,0.0871201808808,0.0447956034247,0.0108319413627,0.470782481961,0.00178098336007,0.000260024292005
270,0.200091384744,0.0946572716878,0.0131243187103,0.431999216566,0.0187278734597,0.0580380600175,0.175006708442,0.00519012832893,0.0031650380439
271,0.174114683404,0.0451680101992,0.00376255397181,0.624086638073,0.0216247726329,0.0948063009105,0.0333391376849,0.00231490876236,0.000782994362316
272,0.274904753905,0.124422067927,0.0510982714752,0.264212760938,0.0253753075261,0.0149651355722,0.243337158715,0.00118026961088,0.000504274329743
