ID,class1,class2,class3,class4,class5,class6,class7,class8,class9
0,0.0308142880085,0.199893467945,0.0220646168424,0.0204401692962,0.0125566662283,0.014058128917,0.694454591989,0.00562925665213,8.88141219374e-05
1,0.184341617462,0.101061171379,0.00115781334009,0.596998752224,0.00815700584346,0.0121608842187,0.0929955375927,0.00308864565938,3.85722807806e-05
2,0.0175596315894,0.186543739852,0.0156197947269,0.0415405328906,0.0128207134859,0.0185460471671,0.70264391283,0.00453549162248,0.000190135835743
3,0.0119117954793,0.313693623216,0.00102333301773,0.0441894507707,0.0202223998018,0.0449988149874,0.56056172035,0.00334236268303,5.64996942143e-05
4,0.295513778116,0.086645545471,0.0058562389928,0.391750180782,0.0256829989655,0.0425820063077,0.138183036503,0.010722626159,0.00306358870396
5,0.494179703092,0.188012971901,0.00689841919131,0.233097615076,0.0630048835279,0.0107359208211,0.00262301118072,0.00138987236804,5.76028415995e-05
6,0.0451008899766,0.34054578225,0.00183434678847,0.0223547967079,0.0289527541622,0.0245379035236,0.535430397917,0.00122087927637,2.22493978279e-05
7,0.0913719632843,0.0476412662994,0.011718448808,0.396563043234,0.272201297542,0.0124414046277,0.163178931749,0.0033566263034,0.0015270181527
8,0.066045026432,0.331884583385,0.021343349139,0.0916156170494,0.018292268472,0.0837419841012,0.372454155592,0.0141022888432,0.000520726986583
9,0.0735407816216,0.424808750778,0.00461937194223,0.0191945729839,0.0190439507243,0.0549027881491,0.387817066425,0.0148894304229,0.00118328695285
10,0.029992364491,0.296939319186,0.00695929375694,0.0590899118532,0.0195278100727,0.00397082737807,0.567911820565,0.0150558787685,0.00055277392867
11,0.0685078729975,0.161005126762,0.00649076636465,0.055760882754,0.0145398886278,0.00309885740983,0.687974544857,0.00185461210728,0.000767448120102
12,0.279031706951,0.0191951789384,0.00195109406275,0.176197636609,0.17450306829,0.332104124741,0.0128964392726,0.00363382497859,0.000486926156643
13,0.00681235385549,0.247572275858,0.00829622289496,0.0161562788396,0.0344974632854,0.00426738693557,0.679574684772,0.00268126575288,0.00014206780658
14,0.0595839140428,0.289932650831,0.00841872020019,0.0105685013207,0.017247473155,0.063778547081,0.545466704827,0.00485282141897,0.00015066712331
15,0.00380744728927,0.170070332157,0.0108397416813,0.0510016443773,0.0337188010712,0.00511803721104,0.721630431776,0.0035830086753,0.000230555761425
16,0.385135991529,0.0197023896935,0.0498765807069,0.415445217681,0.0434405014856,0.00198515511326,0.0823238859627,0.00204728394156,4.29938861884e-05
17,0.0054410843446,0.435392886857,0.00866819645918,0.0401871011851,0.0171712233603,0.00411536949681,0.482248328261,0.00675063797858,2.51720576814e-05
18,0.153654674724,0.102313544822,0.00548506266963,0.194349963738,0.0193084530621,0.0131320616685,0.505823577816,0.00586205570102,7.06057995682e-05
19,0.0155803920681,0.0379996702055,0.198307441944,0.0502288532367,0.0263815648359,0.00345212610778,0.663250635013,0.00356472255934,0.00123459402996
20,0.269852537934,0.0296497160906,0.00266291535225,0.58336253764,0.0491776987625,0.0286259567083,0.0258354468151,0.00204958474334,0.00878360595418
21,0.0581165310341,0.145025785675,0.0252850280951,0.0101498428942,0.0254247583427,0.0156135728149,0.719254518954,0.00112683856899,3.12362129094e-06
22,0.482510120684,0.0751757660272,0.0335141576324,0.273306454096,0.0224685542797,0.0165414094059,0.0908577340057,0.00532863440531,0.000297169463834
23,0.0333714285519,0.203730052262,0.00155611262211,0.02075471903,0.0111408110361,0.0019996551308,0.708310629335,0.0185027290382,0.000633862994114
24,0.0136193144618,0.160677459057,0.00973038217805,0.0828346794779,0.0972043583871,0.00753261040155,0.624669841567,0.00371276897213,1.85854976228e-05
25,0.284174415393,0.0106776912284,0.0530165754602,0.59939805458,0.0102916874906,0.00678000061806,0.0282782259812,0.00690969638858,0.000473652860455
26,0.269551283607,0.153102388769,0.00658988025739,0.317670010579,0.0397506741253,0.0127410583422,0.190745556776,0.00976474860354,8.4398941377e-05
27,0.0250528256054,0.298903618918,0.00275853447558,0.00730518741429,0.0235891870089,0.114105445903,0.521424756274,0.0066895120917,0.000170932308522
28,0.12450515615,0.184818489764,0.0047860231716,0.118714712749,0.0198223466165,0.0544902177864,0.486039114708,0.00539103253131,0.0014329065229
29,0.0875642649247,0.211531706797,0.0053101579359,0.120093822074,0.0366077117472,0.00967347697621,0.524573636808,0.00269001135638,0.00195521138068
30,0.0305590270086,0.22552559219,0.00501344241228,0.0297435241639,0.0985001560173,0.131076543234,0.476142792246,0.00300829878014,0.000430623948508
31,0.255564570591,0.190858168543,0.00575841500368,0.0988871643369,0.0764830968125,0.0176401522673,0.352966814721,0.00174836416958,9.32535547213e-05
32,0.0247901567672,0.367978473374,0.00286724608547,0.0275051066088,0.0282549730479,0.0341573270867,0.508510897756,0.00384476889644,0.00209105037753
33,0.698217269025,0.0253172539427,0.012835872719,0.17028992185,0.0493780778281,0.0264337719973,0.0157079041001,0.00180984749685,1.00810406629e-05
34,0.0471109438245,0.447129985431,0.00695624439392,0.0762945211281,0.0611035113215,0.0428396534286,0.313716150597,0.00461357145254,0.000235418422328
35,0.293633995675,0.0691843306615,0.0194294411128,0.259170103168,0.0617222290901,0.0111512319461,0.270468060723,0.0150813214204,0.000159286202011
36,0.237166335703,0.0363506928669,0.00473590545894,0.316260491038,0.00670434360646,0.0118580669435,0.381338920311,0.00554479637591,4.04476954145e-05
37,0.190014981944,0.0927360999525,0.00478131374562,0.325946343281,0.0202516232599,0.0242306085458,0.33419795415,0.00445726349189,0.00338381162896
38,0.0602687384458,0.100346573722,0.00360803520457,0.0296531421754,0.014126621109,0.0846227925785,0.705174273758,0.00183871589102,0.000361107115527
39,0.26694541095,0.201905475103,0.0316390466596,0.196518199582,0.0494975190536,0.0219953353703,0.223897509876,0.00692657790504,0.000674925499996
40,0.0366408106587,0.113447357083,0.0580682306848,0.110784235535,0.0771022266739,0.00859460715844,0.584804870005,0.0104775183316,8.01438692135e-05
41,0.408729435324,0.116795196295,0.0019765672765,0.0365111298995,0.0314073086631,0.046077292659,0.349715542625,0.00682496701887,0.0019625602387
42,0.652857056188,0.0514527417726,0.00977025769196,0.142810674646,0.0447066633272,0.0723819294266,0.0201167065395,0.00531392670372,0.000590043704736
43,0.165508288515,0.0950355992013,0.0170884029836,0.249434464876,0.054195603791,0.0476352645286,0.356984084603,0.00907601790548,0.00504227359587
44,0.0584228404572,0.0743187332068,0.00620164631278,0.108321068004,0.0735691725822,0.0172153818856,0.659787965472,0.00186793770387,0.000295254375049
45,0.0732369939274,0.0678275660838,0.00504328639311,0.204981191346,0.0542458530151,0.00944260433824,0.581292208533,0.0037540710309,0.000176225331835
46,0.49870789719,0.192189144804,0.0100328014633,0.128306338734,0.0264057413933,0.0111089890383,0.110376382405,0.0201428585602,0.00272984641209
47,0.420467100383,0.0306390487623,0.00690433689626,0.485980286101,0.0413635442192,0.00154682147341,0.0069596284432,0.0056948998385,0.000444333883248
48,0.165642386345,0.298226654352,0.00526105366315,0.396218857216,0.00467529538746,0.0701999069661,0.0529254299075,0.00527418050044,0.00157623566274
49,0.0211341080646,0.511564919258,0.0043142483179,0.00863733641889,0.00743692355449,0.013912570833,0.432118138097,0.000805097887666,7.6657568368e-05
50,0.155960731851,0.106032406529,0.00386482222204,0.314083170853,0.0109591308979,0.00708860365595,0.38576112034,0.0150887597771,0.00116125387316
51,0.171916803649,0.0965906530404,0.00459827972943,0.18493076424,0.0446835234242,0.0209742920626,0.464362358589,0.00926460389167,0.002678721374
52,0.0642756483648,0.137826905763,0.033255083918,0.0321321113086,0.0347588588738,0.0418763278755,0.638143419979,0.0149660745592,0.0027655693584
53,0.205040714596,0.198364731278,0.00863638752971,0.0707521906352,0.0182431309617,0.0251762768137,0.467579729557,0.00536673619706,0.000840102432161
54,0.484410575372,0.152240542258,0.00755489195566,0.108609449778,0.0641743989746,0.0216956522633,0.151232177472,0.00997078205102,0.000111529875819
55,0.161917537231,0.0593791765936,0.00357359892633,0.618562154814,0.0255022890276,0.0049758704224,0.117303563582,0.00672529743331,0.00206051197041
56,0.32985864051,0.0154248432316,0.0175807946896,0.539566573165,0.0272401124448,0.0191264984802,0.0477624191028,0.00197261241548,0.00146750596023
57,0.0236755903789,0.298725912498,0.00806583259143,0.0235498109469,0.126432700074,0.0381741391356,0.478542676492,0.00254967429951,0.000283663583345
58,0.410541091992,0.0971682213753,0.0069862426425,0.081843707326,0.0803546589961,0.131845254514,0.187082313242,0.00404449386723,0.000134016044855
59,0.182781286459,0.188642059351,0.00848433600211,0.119298813772,0.0167635234933,0.0320234506561,0.440960820059,0.00987685332135,0.0011688568856
60,0.0953421735413,0.26178811997,0.0150508615191,0.0498683905013,0.00943177116681,0.0124119324302,0.549372994057,0.00580419381742,0.000929562996921
61,0.359228234725,0.0492071403448,0.00321301014711,0.553915731076,0.0150804259805,0.000569063078546,0.0134146769478,0.00373304363559,0.00163867406498
62,0.538900357896,0.0302303908129,0.00539490416915,0.349063990447,0.0165381829379,0.0150571104254,0.0277503872017,0.014083877988,0.00298079812198
63,0.0462951463117,0.0694768972985,0.0321547472533,0.204448869349,0.0341123041845,0.00250608818796,0.604780206875,0.00465882794262,0.00156691259713
64,0.339823051884,0.0159877942777,0.0100177453538,0.54343112167,0.0162419060399,0.00521530258401,0.0679271884403,0.000947710259807,0.000408179490855
65,0.0131892351797,0.0724623105878,0.00248891518345,0.141749438035,0.00900844131954,0.0259042025272,0.730355356408,0.00476003737838,8.20633803754e-05
66,0.0296886512236,0.255712995479,0.0509728476092,0.189267532322,0.0330617430677,0.048274859634,0.379115537059,0.0128399277708,0.00106590583439
67,0.0888256973767,0.566738299363,0.000568511484336,0.0212249291737,0.00836997937745,0.0172329576929,0.199097494462,0.0938815383271,0.00406059274291
68,0.0225414046976,0.184752165217,0.00409699124766,0.0384776380068,0.00496114954921,0.00867300539124,0.733474250958,0.00298559201398,3.78029178012e-05
69,0.31768352634,0.0574720240626,0.00978076292347,0.418223763207,0.025774216105,0.0115820648565,0.143335016373,0.00980538934725,0.00634323678498
70,0.0540122438758,0.0450815685173,0.01258209485,0.783996813737,0.0535669486561,0.023405758395,0.0178277061452,0.00532815240541,0.0041987134186
71,0.020940386678,0.133169278855,0.00486235762017,0.0234988684111,0.0264678872432,0.0535883486443,0.73071069687,0.00566883547454,0.00109334020451
72,0.434959147185,0.00723905153876,0.0204318857254,0.171072118964,0.289218581207,0.0624738844874,0.00912502802482,0.00518027887978,0.000300023988767
73,0.1304425551,0.302256786619,0.0125463920874,0.0618350378972,0.0874502455104,0.0130696266411,0.377771870958,0.0145374447661,9.0040420805e-05
74,0.125944631422,0.111060977815,0.0299474017602,0.199853064932,0.018800397955,0.0622992239341,0.439441623904,0.0115771486429,0.00107552963553
75,0.150035347593,0.523097059693,0.00433044707683,0.119486225887,0.0403855944119,0.0573858037057,0.0765677906923,0.0284512956928,0.000260435248026
76,0.505127694063,0.116153748692,0.0857377135502,0.178761863565,0.0265795906603,0.00194453959907,0.0779757442228,0.00771573241808,3.37323008233e-06
77,0.0130489419993,0.39815894083,0.0195762664303,0.0388518661726,0.00968630704748,0.0192525682945,0.496521788589,0.00489506751271,8.25312436703e-06
78,0.055134606192,0.297019013424,0.0257687603951,0.0363277075152,0.0353275841011,0.0108468499463,0.538115874126,0.00145173016098,7.87413935229e-06
79,0.00939987843375,0.0617598377044,0.00265284838758,0.0101503603482,0.124613058426,0.00272021959824,0.787157131715,0.00123184807174,0.000314817315425
80,0.0784904420247,0.145088094081,0.00320290715759,0.0696486310103,0.0220388269258,0.255962809406,0.414778033185,0.00737498525958,0.00341527095006
81,0.324252957419,0.0754208040202,0.0068866230264,0.208045160168,0.0332159216399,0.038249008962,0.304761956209,0.00484350527476,0.00432406328085
82,0.376019138358,0.0170405496894,0.0130859841231,0.250922117641,0.265104179807,0.0484131485546,0.0175931227672,0.0112589236169,0.000562835442151
83,0.538615335675,0.124024737585,0.00185892281079,0.0740259882029,0.0456681626578,0.00877553429325,0.199578155173,0.00525605493378,0.00219710866863
84,0.0416138235584,0.21635075644,0.00796743070111,0.276979024305,0.00535598072703,0.00923060464057,0.428100522986,0.0129285096715,0.00147334697019
85,0.105976685043,0.12855567204,0.00447059519853,0.0385400275284,0.0587706096359,0.206348873564,0.456108158511,0.0012113660282,1.80124507308e-05
86,0.309492826145,0.137857585045,0.00161426438077,0.367142392999,0.0313888714508,0.0180103862631,0.122387402735,0.0104526207325,0.00165365024904
87,0.221236990392,0.0396708810132,0.00431502021142,0.227259835799,0.0650269646119,0.0609768107196,0.367861505744,0.00959735360091,0.0040546379076
88,0.0239381616828,0.269905384571,0.0135491856921,0.136474235315,0.0127273968797,0.0135252234611,0.521087963426,0.00800861740834,0.00078383156333
89,0.0870756424414,0.113333101995,0.00481225478657,0.337401570301,0.0153181300615,0.0354071572846,0.105711997648,0.0398737022019,0.261066443279
90,0.188052699994,0.138252839411,0.0220730716758,0.25366740796,0.0229008086406,0.0287851897712,0.276009945005,0.0680044399098,0.00225359763251
91,0.118726562699,0.140443013479,0.00165079438909,0.132267701783,0.0239476171738,0.00234995009956,0.5608143219,0.0193292815285,0.000470756947848
92,0.105787703827,0.0943451768185,0.0123698720347,0.137804845806,0.0817480573692,0.0361814057647,0.526986050894,0.00445763108907,0.000319256396669
93,0.0151939667499,0.282530555176,0.00676540942565,0.0235918910827,0.0182389474594,0.0163738257178,0.627768829425,0.00470418418114,0.00483239078173
94,0.097983360904,0.165839594583,0.0163163237193,0.147864476255,0.0284993716181,0.0109990183158,0.525089225534,0.00727462500158,0.000134004069865
95,0.578967765427,0.00793992580227,0.00126840191425,0.155774461708,0.0548933029224,0.188133270431,0.00691695810487,0.00608763186277,1.82818273351e-05
96,0.0488885771947,0.334099276877,0.00556068516823,0.089388973351,0.0170590164003,0.0302895958741,0.435564663763,0.00918126838026,0.0299679429917
97,0.330295509455,0.221954619497,0.00807411049036,0.0410532914964,0.0240329920266,0.0107179888782,0.356371048641,0.00683992717951,0.000660512336634
98,0.209968327451,0.0473577546491,0.0227154309376,0.613769809204,0.00845424202915,0.0621624046439,0.0304173367816,0.00383100491293,0.00132368939058
99,0.0654308722119,0.173553150471,0.00380153929725,0.0844788216616,0.0205895821156,0.0150928531796,0.633059007694,0.00367104472981,0.0003231286394
100,0.628704349079,0.0705048414166,0.00100916142298,0.162803982879,0.0125462240219,0.0965769652885,0.0181440962271,0.00882255464763,0.000887825016988
101,0.281040003186,0.0614380916103,0.00867384664343,0.453860521764,0.00692703548997,0.0293037682913,0.153295627894,0.00358854015192,0.00187256496915
102,0.00472946807763,0.368367421246,0.00208746861229,0.00420765493932,0.0841230207639,0.00237610569076,0.532482586704,0.00161474593182,1.15280345299e-05
103,0.0916596688009,0.0521035958638,0.00759986133857,0.111458718546,0.0410216985592,0.00809223513453,0.686775043555,0.00127560025972,1.3577942209e-05
104,0.124869386577,0.266020625103,0.00729109316683,0.272500530172,0.0077823833918,0.0834158794914,0.199921743122,0.0257448343805,0.0124535245951
105,0.00715304604058,0.453750508373,0.00347481888346,0.00314548722121,0.022484258979,0.0604771531472,0.448373235767,0.00102663492068,0.000114856668166
106,0.0526992934894,0.204765277447,0.00689594551619,0.0856985698222,0.0100607310938,0.15788044326,0.471125736657,0.0100013276088,0.000872675105222
107,0.423944247865,0.0283731214108,0.00518577008933,0.176934695282,0.246713228949,0.0351177311527,0.0710738288624,0.0040934972225,0.00856387916526
108,0.0558304394504,0.0692266053332,0.0167901987051,0.204616535392,0.0654365397989,0.0380970903058,0.53495690938,0.0146569478589,0.000388733774967
109,0.201360723696,0.183327942676,0.00401597378795,0.100987210789,0.0218486238074,0.0921145133375,0.386878884891,0.00539323714997,0.00407288986557
110,0.0132190459644,0.174334116217,0.0124038136795,0.0167584069946,0.0249415997471,0.00899742959771,0.745527037056,0.00369883781924,0.000119712924458
111,0.0148483806286,0.480251350281,0.00340005782062,0.0147104063065,0.0394983450893,0.00514664137377,0.427542582103,0.0143924257909,0.000209810605863
112,0.488675431581,0.105358624152,0.0136926461636,0.0770817221773,0.123157510623,0.00799187246663,0.142624679439,0.0369710846512,0.00444642874702
113,0.00213287834299,0.27053980278,0.00396287109494,0.00298092355695,0.0125782211555,0.0101773170938,0.696580576845,0.00101136426004,3.60448708159e-05
114,0.153150827123,0.0346098384882,0.00133458002901,0.756490922562,0.00653764776232,0.00745627139088,0.0388055315569,0.00151934863149,9.50324558182e-05
115,0.408112084168,0.0261860779377,0.00349811877698,0.479607588797,0.0117448964402,0.00914747687237,0.0533819048468,0.00635796315315,0.00196388900799
116,0.415948024065,0.0954822992016,0.00772626001497,0.279807890771,0.0483528238414,0.0966464655642,0.0344347688249,0.0183529640844,0.0032485036334
117,0.165760101407,0.10244190315,0.0121414508901,0.37613267867,0.0512595344043,0.0263598821048,0.263812810719,0.00187983168572,0.000211806968184
118,0.632754796178,0.0414089552229,0.0143947994716,0.10031810303,0.157934786189,0.00583698646934,0.0377024848796,0.00954813674667,0.000100951813666
119,0.00902603263651,0.479307814805,0.009576499713,0.00943691812091,0.00228716228705,0.00886195067235,0.479307814805,0.00189170164399,0.000304105316149
120,0.459540680663,0.0114504823204,0.00184155859673,0.421349854839,0.00488862358383,0.000700522610778,0.0583809764739,0.0384574828222,0.00338981808963
121,0.475702138083,0.0065686688252,0.00964873285672,0.0473533479712,0.43151627751,0.0208982895278,0.00574837892746,0.00255704500995,7.12128903546e-06
122,0.533912827725,0.017922950066,0.00517232632517,0.381199831069,0.0121544928206,0.00482274566415,0.0315313186506,0.0066517875536,0.00663172012532
123,0.0620354411905,0.424497825524,0.00409169623041,0.0701615890289,0.0491931380492,0.00961931390394,0.378868707277,0.00148191296911,5.0375826677e-05
124,0.482823107384,0.193635141705,0.0143354590734,0.1386648986,0.0409276088865,0.00931067017399,0.11469999818,0.00537881899728,0.000224297000026
125,0.374771141776,0.0664991354002,0.0275640631581,0.287029808245,0.0110515660436,0.0115359184619,0.19500294239,0.0137353825581,0.0128100419673
126,0.151544462768,0.21407596736,0.0048863818557,0.175639658766,0.0031110346688,0.00489888172703,0.437144838522,0.00783866414899,0.000860110183794
127,0.0828219528882,0.251857371421,0.00287832150024,0.0884320029281,0.0201321222468,0.0710394695462,0.476577740967,0.00353940883422,0.00272160966848
128,0.378135784224,0.0399586381789,0.00310045228971,0.424307689154,0.0306750075373,0.014161325612,0.102875887289,0.00515834855648,0.00162686715812
129,0.50470165898,0.0723395968626,0.00603973419116,0.261713269471,0.0353945760979,0.0658051817073,0.0427793351039,0.0103557604978,0.000870887087925
130,0.0230016900477,0.466813398035,0.00754270440849,0.0201527607814,0.0359414469604,0.0103876888799,0.433718310694,0.00242572152866,1.62786646013e-05
131,0.0241212660853,0.0500489537847,0.0008571724845,0.0397194892364,0.0432871129408,0.152178137967,0.686640087377,0.00143950768443,0.00170827244022
132,0.0551912948954,0.13580903937,0.00307626495744,0.124559165772,0.00673292483967,0.00893093206721,0.65845277756,0.0071470093939,0.000100591144926
133,0.602024078091,0.04168338199,0.007878314769,0.270982910997,0.0133271753079,0.0113063778641,0.0509974062209,0.0017397043776,6.06503821555e-05
134,0.118761263607,0.115502043038,0.0150149460811,0.365427751744,0.0586032854213,0.016782686597,0.304319473707,0.00416764479042,0.0014209050134
135,0.405384295341,0.08218016314,0.00598500583402,0.150455124707,0.0136025539552,0.177777837082,0.0341776903319,0.0855400015495,0.0448973280591
136,0.0325916589159,0.176920052886,0.00412354435303,0.0507548330748,0.0268218762856,0.0105083224187,0.695869290611,0.00223749603872,0.00017292541607
137,0.374763348208,0.0281994446632,0.00126196992036,0.561908800259,0.0145099867026,0.00430905355447,0.00999380112636,0.00203004760261,0.00302354796377
138,0.218759955531,0.0810884637153,0.00534875883115,0.536971009741,0.00734757976872,0.00296851024173,0.144281226836,0.00310327264202,0.000131222692594
139,0.301473427064,0.0188928334129,0.00601777773892,0.596611159313,0.033767326135,0.0241948199451,0.0158752668001,0.00227250638984,0.000894883201917
140,0.0791715224184,0.0813807558003,0.0113525906538,0.470435370306,0.00634714395641,0.00189339749344,0.346810975164,0.00247716408553,0.000131080122331
141,0.19293890667,0.101830941044,0.00283145714194,0.195328923885,0.0131502302082,0.0178388743668,0.471020839572,0.00404741002812,0.0010124170844
142,0.116409670994,0.475693121497,0.00556017324477,0.024302051719,0.0191238043778,0.0192989918665,0.333604212359,0.00455060042461,0.00145737351729
143,0.457255627669,0.0134625131546,0.00175523754625,0.463723341981,0.0245699481525,0.0188534965232,0.0185787869317,0.00169497031851,0.00010607772353
144,0.332988361872,0.140002783837,0.00174203157033,0.232917895376,0.00616850323246,0.0101012874889,0.270818311346,0.00465241174548,0.000608413531616
145,0.0458107410467,0.220858871764,0.00670805778893,0.25672411956,0.0907844727105,0.013657026166,0.364117569286,0.0013247112254,1.44304528541e-05
146,0.172147925297,0.107753780844,0.00964788130139,0.0249985198248,0.283452220154,0.332097242701,0.0603429182877,0.00933267933369,0.000226832256252
147,0.0818466877147,0.0925725193751,0.0052400978444,0.122549641267,0.098007691154,0.519959996746,0.0716256140222,0.00816965552939,2.80963469448e-05
148,0.174811921865,0.178731752967,0.0263700903592,0.216360247865,0.0269449535551,0.154112786529,0.190259523851,0.0275589012936,0.00484982171549
149,0.0119689281483,0.322879055608,0.0134005538026,0.0133176651237,0.01569746343,0.00303910274714,0.618584656561,0.0010127451218,9.98294573506e-05
150,0.104625628138,0.208249888651,0.0295392508321,0.0976641226651,0.0246482367877,0.0117351074422,0.51752397557,0.00483913654099,0.00117465337248
151,0.049379392863,0.315803133636,0.0102083987266,0.0667752021461,0.0961583919482,0.00481139246425,0.419275700904,0.0216848337618,0.01590355355
152,0.0213180148274,0.145702557618,0.0109480767433,0.0354019036216,0.0806862621582,0.0343881916533,0.670550548647,0.000950967370872,5.34773602085e-05
153,0.463308879843,0.108135574893,0.00292953897411,0.29812157199,0.0177853010513,0.0192188118961,0.0874130718779,0.00279202740791,0.000295222066022
154,0.297285512916,0.0127615936571,0.00197879993711,0.635395104253,0.0035857910261,0.00883144601827,0.0371177758217,0.00277303152821,0.000270944842167
155,0.229341132617,0.113435575499,0.00140822109848,0.0706816884315,0.0576523441223,0.376189634624,0.135158907151,0.0160815151905,5.09812672395e-05
156,0.0559761415148,0.106061599138,0.0175565021999,0.136715548113,0.0636936375552,0.0289476623539,0.58175324793,0.0091253415513,0.000170319644304
157,0.0138721501465,0.370639012687,0.00335261837186,0.00816221784209,0.0276182643201,0.0312279937874,0.537562486824,0.0074859267235,7.93292978906e-05
158,0.0117658303408,0.292642920051,0.0024934862295,0.0667064190779,0.0260603488357,0.00337390641761,0.59320645865,0.00331071707087,0.000439913327214
159,0.471458575523,0.0253416779538,0.00580959167864,0.342117219951,0.0326406720809,0.0528423135666,0.061115982737,0.00787837533924,0.00079559117034
160,0.0215556444714,0.691771804786,0.0210767136966,0.0286373337648,0.0183828954738,0.00959753562622,0.207621930303,0.00132242039601,3.37214821594e-05
161,0.150455021364,0.0763778531637,0.0172404770079,0.348532372501,0.0197428277148,0.0080174021221,0.371824760285,0.00769034326802,0.000118942573266
162,0.072416092223,0.159055930507,0.00286102349791,0.155659204669,0.0290117370975,0.0741396537473,0.493273605981,0.0123510239934,0.00123172828416
163,0.259434035852,0.139282557466,0.021946133321,0.27439411439,0.0429315974034,0.00727311573736,0.239264597413,0.0148646601752,0.000609188242332
164,0.390289184907,0.20151870875,0.0109021327649,0.104530139507,0.11012358463,0.00796656961528,0.167122979172,0.00662319850275,0.000923502152294
165,0.0697310775139,0.127837271505,0.0120374266786,0.0826806499587,0.0273622690569,0.0569829899321,0.617219763415,0.00514367086822,0.00100488107229
166,0.334452606026,0.129929302586,0.00322501275168,0.0996601586464,0.17477206152,0.0915710487325,0.158201694956,0.00815146918919,3.66455934209e-05
167,0.0103478360278,0.393733475404,0.0342466073186,0.0208746149845,0.0831279954025,0.0199567814097,0.434414661044,0.00300693455606,0.000291093852762
168,0.445738204541,0.0831958520913,0.035682010712,0.204554434366,0.0202195770561,0.0544651364826,0.137326015738,0.00987124046697,0.008947528546
169,0.081766715292,0.125810246269,0.00636327935766,0.204512019432,0.0378330712963,0.0748800522855,0.446509832809,0.0181548717121,0.00416991154593
170,0.0511930451103,0.181212675629,0.0463495552207,0.0456011233228,0.0599786636906,0.104059355958,0.427288316265,0.0758660268158,0.00845123798832
171,0.0259844870206,0.162617127358,0.00985320014046,0.0623160315377,0.0529961617888,0.0112070339692,0.664550093224,0.00921123981062,0.0012646251508
172,0.0377312472615,0.351324718327,0.0194668422926,0.0405754693079,0.0435388001183,0.301998889445,0.178393617139,0.026928560367,4.18557416107e-05
173,0.0422395620062,0.512061589925,0.0187245153757,0.0671654805205,0.040477941581,0.145422888941,0.170341903314,0.00322064395264,0.000345474384425
174,0.216108946921,0.108760781387,0.0163234268746,0.389948595494,0.0472878296913,0.0137172533125,0.173970258625,0.030577872824,0.00330503487058
175,0.051059740472,0.205295448099,0.00167158121514,0.0645465624121,0.014421233724,0.180000317397,0.478893251156,0.00398766165334,0.000124203871978
176,0.103695879242,0.267055816067,0.0146049720772,0.113852428461,0.0697449662788,0.0247532312893,0.391035442784,0.013569531318,0.00168773248268
177,0.353130219957,0.0191232778905,0.0138337914712,0.56158742657,0.0148363135141,0.00596422169848,0.0193115051241,0.00853183381348,0.00368140996112
178,0.213601618261,0.0390739735504,0.0125225432559,0.597772538089,0.011507029837,0.00181132924968,0.119106671699,0.00427596556535,0.000328330492893
179,0.305416577617,0.198929784619,0.0177834988538,0.270059141028,0.0346627877472,0.041402388215,0.127429443855,0.00406502739929,0.000251350665795
180,0.0118828973401,0.09581962507,0.00750297199307,0.0208601217776,0.147755115071,0.0945316158503,0.61703893105,0.00454018536359,6.85364848457e-05
181,0.604394730787,0.0475327439025,0.00594839922019,0.0944138607986,0.0334971038986,0.0369111881392,0.167153739583,0.00899329073132,0.00115494293973
182,0.127384630553,0.128704205816,0.00484926295398,0.212127554064,0.0212093443679,0.0804283985253,0.418350098093,0.00674384881657,0.000202656809955
183,0.189448842974,0.298248819032,0.00506930725253,0.365254059512,0.00680375824125,0.0641486598341,0.0655951942208,0.00372423979964,0.00170711913357
184,0.516511418679,0.100351777161,0.0121247460747,0.100139435086,0.042201322981,0.149012786816,0.0742870790537,0.00509059091392,0.000280843234556
185,0.0225030194748,0.724141904286,0.0105382630862,0.0174931148394,0.00171628205819,0.0255433676566,0.197315506794,0.000735884671694,1.26571328797e-05
186,0.441777799488,0.0689490942795,0.00940163839566,0.302896960893,0.0233583048371,0.0318261733579,0.11814010851,0.00358111765273,6.88025866799e-05
187,0.152962125719,0.259121189115,0.0296360414036,0.0859710164932,0.0178078776756,0.0795586532522,0.372097785718,0.00260535166344,0.00023995895997
188,0.160872900894,0.363611938144,0.0264129954115,0.0161216887891,0.0362162282177,0.297389644599,0.0295858207143,0.0697283926514,6.03905788212e-05
189,0.0158564504957,0.0748465949692,0.0276344716917,0.00974252152683,0.019879816722,0.0174631472491,0.833876028104,0.000606135654435,9.48335866787e-05
190,0.235201299106,0.0709945641048,0.000606540860496,0.603776585535,0.0219233260711,0.0163140447692,0.0355483619393,0.00964545388268,0.00598982373169
191,0.0206795925737,0.336757410211,0.00189003047537,0.00895710768004,0.018228015194,0.0161809172262,0.594198648016,0.00223149133441,0.000876787289748
192,0.251821781533,0.0256821983523,0.00777597340907,0.583006283052,0.0625066722264,0.0516929663874,0.0149993939375,0.00166599622614,0.000848734876041
193,0.030175107272,0.0981895041613,0.023519973816,0.0425755954022,0.0307623910427,0.0128024347556,0.750654011601,0.00862684801661,0.00269413393225
194,0.0660214971535,0.122061676947,0.00457053278178,0.296643146101,0.0103324533827,0.011241483721,0.463625710944,0.00142504626712,0.0240784527019
195,0.565758907491,0.0079709344336,0.0038557951208,0.240246932452,0.0130661128599,0.157779823138,0.00695167671583,0.00429162120389,7.81965847414e-05
196,0.206581262961,0.0453229926306,0.0211895164947,0.47242474442,0.100363740426,0.0389898364048,0.0845807330301,0.0301494837306,0.000397689901513
197,0.408843547897,0.183294369393,0.0126945020536,0.0727633610244,0.0801748872237,0.0357646449619,0.18750937897,0.00366598341968,0.0152893250571
198,0.132414588998,0.155312176079,0.0186974764573,0.132635511429,0.046856786828,0.0249772101808,0.466642477105,0.0211289633171,0.00133480960622
199,0.269182623205,0.0612199932613,0.0168151128662,0.377332734232,0.0208894018528,0.00931796279916,0.239701143846,0.00496678713045,0.000574240807326
200,0.188854610393,0.0954802450041,0.0449473184242,0.461844891516,0.024985747325,0.00383254182929,0.177450286275,0.00253241913141,7.1940102037e-05
201,0.161742599636,0.143014390241,0.0599846420347,0.121128236215,0.0461563279207,0.0141766151989,0.44334214612,0.00791426412846,0.00254077850527
202,0.0188486165522,0.426558765473,0.00147399366383,0.0202155563791,0.0198001215256,0.0356641553258,0.473090232057,0.00404918794053,0.000299371083526
203,0.201076662416,0.00920358169036,0.00460912817719,0.732308220733,0.0207036744008,0.0118455290041,0.0161225356209,0.0039892766242,0.000141391333076
204,0.0502705595082,0.651910661717,0.000951602712873,0.00163926133037,0.00199126503516,0.044106398055,0.24751108444,0.00161158940027,7.57780112275e-06
205,0.00463091562208,0.408532454616,0.00332947382571,0.0891715726572,0.0360893573823,0.131594563067,0.324537385181,0.00182777158798,0.000286506060479
206,0.0310291836046,0.203774753771,0.00175821659767,0.002067472098,0.0422322730545,0.00906302355245,0.709366931616,0.000696652648397,1.14930576506e-05
207,0.306695602193,0.195336218209,0.00139023572773,0.405111970681,0.0197109189563,0.019223499803,0.0115097000506,0.0326394064874,0.00838244789163
208,0.0505659038123,0.0551421397943,0.00250218028078,0.64855522004,0.0425878961637,0.00712976742268,0.188345885883,0.00490610741294,0.000264899189645
209,0.270552269528,0.0457756027457,0.035992261327,0.558543810577,0.036667688694,0.00769132265156,0.040704536425,0.00381179213691,0.000260715914654
210,0.0172518526275,0.143151379269,0.00879798729157,0.0486705419753,0.0229364725323,0.0137425804956,0.741608113516,0.00342531191216,0.000415760379701
211,0.00803534579811,0.204063682688,0.00202298523348,0.00913006307472,0.0796639600552,0.0130511204844,0.679132779304,0.00487316078441,2.69025774202e-05
212,0.0885685125244,0.337616254971,0.0239232504254,0.0146276954201,0.0962245006353,0.110661391001,0.315963802244,0.0122004675888,0.000214125189675
213,0.175228651567,0.229704695959,0.0351630290922,0.233810637144,0.169499826811,0.0905549835754,0.0515683158695,0.0142355011979,0.000234358783679
214,0.0336900922609,0.0526545330094,0.0140755370356,0.134487060578,0.035878706665,0.00321549854986,0.724861143347,0.00113216328402,5.26526997402e-06
215,0.528082547796,0.0128166709462,0.0107132339182,0.0525832684923,0.330330606113,0.0231238750599,0.0342009653348,0.00457913307936,0.00356969925986
216,0.277809908704,0.0829248652195,0.009013603039,0.275480852534,0.0230347243616,0.195135363923,0.120733048344,0.0155395491033,0.000328084771852
217,0.0977413340597,0.0692032941352,0.013889823528,0.447155032435,0.0157006144224,0.020178432145,0.330012635379,0.00601558182452,0.000103252071581
218,0.0335475984389,0.285724482928,0.00584892520509,0.0957182643595,0.0233108016589,0.0145241626081,0.529146508016,0.0119767397961,0.000202516988894
219,0.198467397425,0.175133031207,0.0418755947197,0.278236227926,0.0819987708652,0.0149760287633,0.206820059272,0.00232890093083,0.000163988891568
220,0.0117818141774,0.184317906032,0.00979808409941,0.0398838920548,0.00950937151258,0.0144946139206,0.720275936592,0.00529610496422,0.00464227664682
221,0.0792672678495,0.376944256729,0.0035006774024,0.0555164937627,0.0369951353414,0.00721434042361,0.43807403513,0.00220398797879,0.000283805382946
222,0.244672056865,0.0756319187373,0.00282803888316,0.123961298524,0.0295599912432,0.0349641740303,0.464819185347,0.0230831853792,0.000480150990563
223,0.451197277514,0.0616347890659,0.0317537805817,0.200193838594,0.108297377772,0.0565437004807,0.0754879637689,0.0137377796033,0.00115349261913
224,0.293524955492,0.0184295776286,0.022534560216,0.356768970278,0.0555726023883,0.0236329086083,0.224666908049,0.00476882202078,0.000100695318342
225,0.0781461701246,0.270700963617,0.00763139708951,0.0775863209698,0.105170416321,0.00718002763171,0.449062060622,0.00427354473353,0.000249098891472
226,0.293443478985,0.194610499517,0.0152911641697,0.118180900519,0.166162969785,0.00482905405154,0.190872462245,0.0162702778022,0.000339192925855
227,0.0678936566479,0.193286272547,0.0111318417355,0.0329347699936,0.0152553092859,0.213737752999,0.458269962584,0.00669486650566,0.000795567701036
228,0.068519000173,0.334644582817,0.0193782002962,0.189950472208,0.0283789994577,0.0582127093075,0.297523558684,0.0032522859651,0.000140191091446
229,0.0694915441626,0.299861463694,0.00402253003644,0.111569694626,0.00942759846795,0.00756472701357,0.486798027151,0.0085825018945,0.00268191295355
230,0.0425217644395,0.18457554431,0.0180474001768,0.0468981317371,0.0445115012673,0.0037894013728,0.645248042417,0.014349801706,5.84125735985e-05
231,0.25780513052,0.130882566547,0.0244454690105,0.458273830524,0.0366380566402,0.0251650349479,0.063655433568,0.00270127407215,0.000433204170501
232,0.0976464064307,0.0407162871324,0.0140033177254,0.709604983618,0.0060207484003,0.0228306389314,0.100112572693,0.0067271070976,0.00233793797155
233,0.175868268294,0.243397570252,0.00697206636454,0.405634055797,0.0325811570237,0.00536008560759,0.123017362292,0.00644925858434,0.000720175785329
234,0.0155803920681,0.0379996702055,0.198307441944,0.0502288532367,0.0263815648359,0.00345212610778,0.663250635013,0.00356472255934,0.00123459402996
235,0.0676919708119,0.383013800371,0.0391289030031,0.0544554247057,0.0293991596887,0.0212435838135,0.399565859399,0.00541436709482,8.69311130678e-05
236,0.0727012666238,0.0551825653891,0.0039936087354,0.742476342912,0.0065278769318,0.00106052037964,0.116525481604,0.00152830521685,4.03220768615e-06
237,0.129341164677,0.0597978634276,0.00526110983078,0.0190265281352,0.0232951070795,0.0112262770027,0.479058644624,0.00334563555436,0.269647669669
238,0.101171499112,0.219745772431,0.00355490728817,0.102453089359,0.0400501310826,0.00495164523346,0.503930535863,0.0219691459498,0.0021732736807
239,0.325156305202,0.0528903343636,0.00532107842229,0.439263944099,0.0795197038209,0.0485888595998,0.0376953880995,0.0058648475717,0.00569953882141
240,0.0170337356818,0.0537641484263,0.0111723108068,0.0213663452975,0.0161820168082,0.676211571964,0.203664995319,0.000604001480063,8.74216606458e-07
241,0.53929665805,0.195317641962,0.00183827682514,0.218450644586,0.0235507406509,0.000241481706457,0.0191325985872,0.00216496792043,6.98971225512e-06
242,0.545792287702,0.154422240422,0.0014411794451,0.111807067867,0.0262759757735,0.0557889357755,0.0750912167455,0.0287663329876,0.00061476328129
243,0.309320095936,0.0435433056723,0.00473303123244,0.444504294642,0.0210645870461,0.0314864577378,0.140841498988,0.00400669260093,0.000500036143977
244,0.109269363996,0.0776319908635,0.0127846577777,0.291870659293,0.0750131982134,0.105893949539,0.319918860208,0.00760196061038,1.53594987137e-05
245,0.131321721119,0.254359226488,0.0161572327793,0.117950571216,0.0501253850464,0.00588621565338,0.415695717297,0.00607882772369,0.00242510267736
246,0.0608306831156,0.137350592069,0.00262477584845,0.155807197821,0.0118353853043,0.0027136895127,0.62734169654,0.00126205177778,0.00023392801127
247,0.133968602941,0.163273941108,0.0209009497427,0.0652304945479,0.133014044897,0.00886888641329,0.470759307305,0.00369210889231,0.000291664152854
248,0.177562643404,0.159691952776,0.00189107689824,0.189411808034,0.0275917393582,0.17890759666,0.258799471707,0.00567838704149,0.00046532412252
249,0.0377831265282,0.166369359311,0.00856257200102,0.102612716635,0.0281528091072,0.0276776884653,0.626242743495,0.00250029518059,9.86892764898e-05
250,0.170412613504,0.127788301916,0.0159678913301,0.420840533676,0.0198838034081,0.021524036102,0.202958098959,0.0161007442373,0.00452397686804
251,0.302995707116,0.123776644783,0.106006696153,0.297343267826,0.0290668197614,0.00999554910228,0.114775049566,0.0155763639589,0.000463901733351
252,0.0603053775015,0.038228552281,0.0161747296271,0.501549182787,0.058247519426,0.00885896144953,0.315154164262,0.00142697173424,5.45409317928e-05
253,0.146352711511,0.0280316797643,0.00824108710487,0.209096989049,0.0152948776202,0.00589242597157,0.586248950432,0.000714107126301,0.000127171420609
254,0.447497661308,0.0329877996129,0.017877462386,0.192288578142,0.0758153401567,0.145624615254,0.0858334253505,0.00195905301032,0.000116064779329
255,0.419232659559,0.103686055235,0.011194709323,0.104831083755,0.045620872991,0.00521089829525,0.303513736739,0.00576502405778,0.000944960045724
256,0.214935104916,0.0484932192005,0.00587414261702,0.202720376731,0.0380027333982,0.0084815654845,0.471116783131,0.00766491323512,0.00271116128701
257,0.156606276685,0.328453089835,0.00746806162607,0.0708059792379,0.0612183338567,0.0607983689491,0.291227690702,0.0209273189317,0.00249488017707
258,0.0310653758,0.399669060248,0.011809558757,0.0326684573404,0.0564197018239,0.141996340566,0.321711124047,0.00454575081492,0.00011463060192
259,0.0924702541271,0.404833476158,0.00218162206655,0.0122250090371,0.0137791958384,0.00502458985383,0.466248938901,0.00292276101243,0.000314153006377
260,0.196094402996,0.303974202361,0.0200755101259,0.051455526898,0.106295917333,0.070287034229,0.239589075261,0.0106669625926,0.00156136820317
261,0.104056076809,0.330030749758,0.00630874014837,0.0453084386618,0.066584494892,0.0789362272946,0.335581213625,0.0285618885311,0.00463217028073
262,0.115297517722,0.421639254344,0.0145574942451,0.165323286433,0.0209893196683,0.0891408930305,0.147805078756,0.0210656170657,0.00418153873483
263,0.257107626704,0.0157545376842,0.0242731490092,0.39550640059,0.0432683727434,0.022365485579,0.23885836631,0.0028196413998,4.64199802312e-05
264,0.11394137982,0.0751955651649,0.0433644371008,0.0500110452306,0.0543582414271,0.0500895612176,0.599575898185,0.0107167067778,0.00274716507606
265,0.113734543169,0.225857330207,0.00538364872535,0.11942781824,0.0814867731243,0.0631992473554,0.354911855362,0.0150473481859,0.0209514356308
266,0.0815269244652,0.0339669997532,0.00751734299624,0.0557131777655,0.206487667925,0.0423386304002,0.564720791048,0.00691100343159,0.000817462215634
267,0.0577553120847,0.212467267573,0.0070108605415,0.0233232277501,0.0178293139597,0.0205117599124,0.64074352592,0.0187428980726,0.00161583418628
268,0.0428221870031,0.264276881716,0.00370180761002,0.289417929298,0.0511450216826,0.0225154754326,0.318721812811,0.00726698368032,0.000131900767111
269,0.0241589007183,0.249819554483,0.00831317291349,0.0627147118746,0.0695637948753,0.00655058561861,0.572078629899,0.00665878232577,0.000141867292384
