ID,class1,class2,class3,class4,class5,class6,class7,class8,class9
0,0.124609887281,0.119425970019,0.0304867572618,0.548556808112,0.0760381793325,0.07870075145,0.00616704598703,0.00703925796418,0.00897534259282
1,0.185687122828,0.132010851191,0.0250659296256,0.213627876976,0.0673892706402,0.0892212119498,0.27223198885,0.00690517882382,0.00786056911606
2,0.283097092647,0.155174634447,0.0361315541975,0.329733231846,0.0784924501053,0.0954371444616,0.00867040518252,0.00695814323754,0.00630534387609
3,0.157171495606,0.117648129138,0.0207880523215,0.289139720043,0.0580262381859,0.0817507338748,0.26280452427,0.00618395414398,0.00648715241671
4,0.185488446781,0.130833788238,0.0248148714215,0.219283045018,0.0669088642369,0.0886238025479,0.269419085178,0.00685386981393,0.00777422676611
5,0.186254752519,0.131393009775,0.0249694063795,0.217856058884,0.0672379382711,0.0890140660259,0.268553874383,0.00688301573593,0.00783787802643
6,0.186219588206,0.131817893543,0.0250837945229,0.216765710799,0.0674864640812,0.0892273611293,0.268618422706,0.00690366513934,0.0078770998737
7,0.177491146151,0.135534429516,0.0256700365009,0.201034402708,0.0696863358857,0.0897503876133,0.286439836516,0.00694108153127,0.00745234357862
8,0.14913334615,0.132042108906,0.031190991942,0.484735337978,0.0792663720737,0.0876552569458,0.0190887123329,0.00754340546616,0.00934446820507
9,0.155762646473,0.1579881537,0.0300606082739,0.147310742766,0.0789495536626,0.106227026529,0.306751069188,0.00751345547484,0.00943674393323
10,0.18072893348,0.133243591633,0.0252151918725,0.210430700859,0.0679756158968,0.0881642284033,0.279860554462,0.00692042753537,0.0074607558581
11,0.236443897182,0.13712426133,0.0310098108158,0.311526457664,0.0880095534346,0.117441752918,0.0610163887183,0.00791177542124,0.00951610251576
12,0.0749197936497,0.0896566395486,0.0278817193163,0.669416467797,0.0660556167857,0.0581030209397,0.000324786945722,0.00572248122187,0.00791947379544
13,0.127105345297,0.136612359279,0.0278364118804,0.0996467667472,0.0646243122103,0.0745699322051,0.455352880631,0.00644573907051,0.00780625267847
14,0.186222999582,0.13182639256,0.0250860941928,0.216743209153,0.0674912024127,0.0892314507736,0.268616663299,0.00690406336304,0.0078779246626
15,0.186222999582,0.13182639256,0.0250860941928,0.216743209153,0.0674912024127,0.0892314507736,0.268616663299,0.00690406336304,0.0078779246626
16,0.14913334615,0.132042108906,0.031190991942,0.484735337978,0.0792663720737,0.0876552569458,0.0190887123329,0.00754340546616,0.00934446820507
17,0.29388099618,0.144063291318,0.0169900389385,0.128927814057,0.0973632716733,0.120747244105,0.179268776432,0.00831489410012,0.0104436731959
18,0.0700799524944,0.0865192771652,0.0275890345797,0.681245579365,0.0649952539633,0.0559984610453,0.000225848340033,0.00559785746756,0.00774873557954
19,0.185603627554,0.130396370358,0.0247048333828,0.220403078608,0.0666725641162,0.0885085689245,0.26913266276,0.00683515036957,0.00774314392864
20,0.185756311597,0.132156399938,0.0251053288874,0.213305233792,0.0674735937861,0.0892922973469,0.272124371117,0.00691229044007,0.00787417309547
21,0.0698783807308,0.202351961258,0.0262550651739,0.0310015731869,0.0987931456417,0.0733972841214,0.490253121807,0.0023369147106,0.00573255336972
22,0.186156935,0.131704201044,0.0250526294928,0.217012330613,0.0674203387912,0.0891653028084,0.268724647804,0.00689800512077,0.00786560932633
23,0.18640860033,0.130908056121,0.0248363877543,0.225313973688,0.0669617724726,0.088754230337,0.262141633581,0.00684846896479,0.00782687675171
24,0.187342366357,0.131986123689,0.0252820924114,0.218631459565,0.0680256246507,0.0899008564273,0.26396868299,0.00693328458156,0.00792950932786
25,0.186040217888,0.131309677762,0.0249364668744,0.21869768132,0.0671356892109,0.0888983301992,0.268285807993,0.00687468845151,0.00782144030079
26,0.168379934504,0.138321485068,0.0246102583052,0.204567127695,0.068644204717,0.068676149674,0.315692541049,0.00482077596177,0.00628752302678
27,0.180351173666,0.132121940764,0.025238642988,0.204724966132,0.0667778931037,0.0873370116786,0.288718532,0.00684502379923,0.00788481586717
28,0.168892738838,0.138265254775,0.0257389456257,0.190508178527,0.0675736776417,0.0902301926616,0.304111026953,0.00692916832743,0.00775081665091
29,0.179203783496,0.146007843487,0.027416037369,0.211081106909,0.0727358440181,0.0919398225266,0.257121556134,0.00709815406886,0.00739585199102
30,0.185756311597,0.132156399938,0.0251053288874,0.213305233792,0.0674735937861,0.0892922973469,0.272124371117,0.00691229044007,0.00787417309547
31,0.186222999582,0.13182639256,0.0250860941928,0.216743209153,0.0674912024127,0.0892314507736,0.268616663299,0.00690406336304,0.0078779246626
32,0.156545096413,0.150761053686,0.0282825116855,0.0967301789179,0.0775382868281,0.087530721428,0.386229874441,0.00733612085015,0.00904615575109
33,0.124609887281,0.119425970019,0.0304867572618,0.548556808112,0.0760381793325,0.07870075145,0.00616704598703,0.00703925796418,0.00897534259282
34,0.195294868708,0.13871061657,0.0267249331327,0.111674997148,0.073153161453,0.0954769570014,0.343238597545,0.00751090706457,0.00821496137662
35,0.186222999582,0.13182639256,0.0250860941928,0.216743209153,0.0674912024127,0.0892314507736,0.268616663299,0.00690406336304,0.0078779246626
36,0.18835052931,0.140671103673,0.0266986982468,0.160738390482,0.0715694840919,0.0926426009577,0.303901146929,0.00733413453097,0.00809391177835
37,0.280948431724,0.135406769929,0.0303573085933,0.368739771221,0.0668016542726,0.086478520866,0.0149113888075,0.0068349950383,0.00952115954795
38,0.211021625644,0.0112592528006,0.0284141174107,0.430204707181,0.134880789529,0.172700806926,1.5524023997e-07,0.00304865508952,0.00846989017924
39,0.186179474317,0.131906193405,0.0251052231314,0.21640153324,0.0675444526862,0.0892508480734,0.268821592092,0.00690705986261,0.00788362319228
40,0.186222999582,0.13182639256,0.0250860941928,0.216743209153,0.0674912024127,0.0892314507736,0.268616663299,0.00690406336304,0.0078779246626
41,4.46104102322e-07,0.157275782027,0.0228769991705,1.04226085451e-07,0.00812670388867,0.000373928378619,0.807101796291,0.000720333316545,0.00352390659677
42,0.182837516895,0.130466220759,0.0247119353866,0.214305407775,0.0659236972464,0.0870617274966,0.280122695446,0.00678801621327,0.00778278278182
43,0.14913334615,0.132042108906,0.031190991942,0.484735337978,0.0792663720737,0.0876552569458,0.0190887123329,0.00754340546616,0.00934446820507
44,0.00247671637804,0.17653845186,0.0350454488745,0.0192416922705,0.0921298846715,0.0566565803847,0.60629783039,0.00335816308526,0.00825523208535
45,0.183918094531,0.132629309804,0.025148515589,0.211212016934,0.0676351591309,0.0889359908127,0.275870393426,0.00691780089428,0.00773271887783
46,0.185687122828,0.132010851191,0.0250659296256,0.213627876976,0.0673892706402,0.0892212119498,0.27223198885,0.00690517882382,0.00786056911606
47,0.184364689786,0.127387899619,0.0238856244295,0.228404652249,0.0650194714572,0.0870578686464,0.269734088615,0.00669504684687,0.00745065835117
48,0.186295725357,0.131803700117,0.0250841982881,0.217029962588,0.0674996898515,0.0892535847996,0.268253195966,0.00690399647943,0.00787594655389
49,0.186199761922,0.131765050402,0.0250697420541,0.21690897033,0.0674566429825,0.0892023509952,0.26862419691,0.00690117154756,0.00787211285641
50,3.17959041823e-06,4.45783010455e-05,0.0136522066302,9.77758359446e-08,0.000833399109669,9.76790965698e-07,9.77758359446e-08,0.00770720184159,0.977758262184
51,0.151963374565,0.159070865201,0.0331245168465,0.0873261146515,0.08387051105,0.0777409496873,0.389835434488,0.00743678991312,0.00963144359856
52,0.186222999582,0.13182639256,0.0250860941928,0.216743209153,0.0674912024127,0.0892314507736,0.268616663299,0.00690406336304,0.0078779246626
53,0.0195853412965,0.147515894686,0.0465141469835,0.000286963877736,0.0887832350095,0.0154094285999,0.668213840149,0.0041437451798,0.0095474042179
54,0.170661184015,0.00362651278945,0.028647950976,0.471158854451,0.144261194055,0.172354990173,1.520449058e-07,0.00188037462669,0.00740878686797
55,0.186211391654,0.131795744404,0.0250779246479,0.216826022162,0.0674739350775,0.0892169131247,0.268620429218,0.00690261854784,0.00787502116483
56,0.103903710897,0.196515795046,0.0370044059023,0.0130052030838,0.0834127623036,0.0703189662577,0.476810505615,0.00818388817505,0.0108447627193
57,0.186208137528,0.131787154712,0.0250756348389,0.216849234004,0.0674690957901,0.0892128381996,0.268621483995,0.0069022136083,0.0078742073241
58,0.186222999582,0.13182639256,0.0250860941928,0.216743209153,0.0674912024127,0.0892314507736,0.268616663299,0.00690406336304,0.0078779246626
59,0.183052875591,0.129917735268,0.0244874125366,0.227179164964,0.0661365833165,0.0876011510262,0.267232738879,0.00679846770583,0.00759387071265
60,0.176653072157,0.139253107065,0.0258195491273,0.128962668322,0.0709836763368,0.0897922289523,0.354110875037,0.00685635179243,0.00756847121037
61,0.193457816272,0.171197372966,0.025027802947,0.425564169966,0.0281660751164,0.142199430409,1.43190421601e-07,0.00977462858778,0.00461256054601
62,0.178646704856,0.127154353342,0.0239270620319,0.195696059709,0.0655010773576,0.0857057735183,0.309193920628,0.00665083878153,0.00752420977557
63,0.186222999582,0.13182639256,0.0250860941928,0.216743209153,0.0674912024127,0.0892314507736,0.268616663299,0.00690406336304,0.0078779246626
64,0.18309307221,0.130949099614,0.0248438397047,0.213238754087,0.0662001647847,0.0873186825362,0.279713088038,0.00681178479985,0.00783151422622
65,0.157027407752,0.169515353787,0.0310788550929,0.0646020336904,0.0774164681014,0.0977163206269,0.385011638386,0.0082532341366,0.0093786884271
66,0.18464033798,0.131347612444,0.0249537665589,0.215108587702,0.066819687991,0.0882513291617,0.274171980457,0.00685590009913,0.00785079760704
67,0.203733612931,0.140265632124,0.0273784821606,0.239838880449,0.0716020249433,0.0941238513417,0.207135765566,0.00727709506614,0.00864465541825
68,0.186411097587,0.134209723064,0.0259079161889,0.251627368775,0.0693376221237,0.0903779769488,0.226972549083,0.00708086370811,0.00807488252148
69,0.185931789576,0.131438097695,0.0249777621367,0.217751865495,0.0672719638362,0.0890337153821,0.268878746796,0.00688375474726,0.00783230433581
70,0.280948431724,0.135406769929,0.0303573085933,0.368739771221,0.0668016542726,0.086478520866,0.0149113888075,0.0068349950383,0.00952115954795
71,0.15834155665,0.140837517328,0.0258447177092,0.204266509457,0.0679879774591,0.0962292985909,0.29144734501,0.00671381611901,0.00833126167694
72,0.182566410538,0.131214738724,0.0248466169985,0.209924962431,0.0661479779967,0.0873419407837,0.28331982292,0.00681662235882,0.00782090725061
73,0.186200914603,0.131767581118,0.0250704788559,0.216902741636,0.067458209069,0.0892037366413,0.268622675479,0.00690129714627,0.0078723654511
74,0.148750584177,0.156568128205,0.0311013357449,0.0973849616136,0.0779945940088,0.0652387869974,0.406849323202,0.00691992963829,0.00919235641329
75,0.186222535683,0.131825167512,0.0250857676609,0.216746519084,0.0674905121937,0.0892308697367,0.268616813901,0.00690400561231,0.00787780861485
76,0.18310094269,0.130595254839,0.0247477510279,0.216019504138,0.0659849673262,0.0871154341466,0.277835173742,0.00679035017652,0.007810621912
77,0.186839739807,0.132044192297,0.0252290994903,0.217303988106,0.0678824500751,0.0896965811881,0.266154844605,0.00692791198734,0.00792119244419
78,0.0608667671453,0.13893003925,0.0259908313653,0.010025853885,0.00954263934718,0.00554308961759,0.738448071703,0.00262308408614,0.00802962360025
79,0.186222535683,0.131825167512,0.0250857676609,0.216746519084,0.0674905121937,0.0892308697367,0.268616813901,0.00690400561231,0.00787780861485
80,0.186457782653,0.131958165924,0.0251197362529,0.218288034173,0.0675595682032,0.0892824469,0.266525283068,0.00690634582815,0.00790263699829
81,1.34543324223e-06,0.129456076338,0.00851626683135,8.35170778699e-08,0.0222302288455,0.00259593253588,0.835170695449,0.00186390254454,0.000165468505003
82,0.165433702957,0.148285778005,0.0282041367506,0.16243604169,0.0747019175756,0.0999946994966,0.304837423934,0.00730263261941,0.00880366697251
83,0.186222999582,0.13182639256,0.0250860941928,0.216743209153,0.0674912024127,0.0892314507736,0.268616663299,0.00690406336304,0.0078779246626
84,0.238187019178,0.0719833673508,0.0399349409225,0.377019202696,0.11436204431,0.140009250754,0.00116281423215,0.00654759924879,0.010793761308
85,0.164515957915,0.137246547348,0.0255697820198,0.194661605774,0.0692778180342,0.084674318598,0.310754798245,0.00693891856713,0.00636025349844
86,0.185982688924,0.131196308784,0.0249179197671,0.218443195526,0.0671362682776,0.0889319150046,0.268699230552,0.00687434759768,0.0078181255666
87,0.186169614651,0.131294529362,0.0249403690259,0.220156694672,0.0671842278286,0.0889607092698,0.266581436096,0.0068747964599,0.00783762263435
88,0.258062141789,0.103737915793,0.0351122264071,0.333167550274,0.101040558966,0.124445874957,0.0265526481313,0.00763074775825,0.0102503359246
89,0.152002815513,0.00183403041807,0.0271621201307,0.490657005637,0.148270376824,0.17203645589,1.48299177159e-07,0.00137520921382,0.00666183807422
90,0.18127252979,0.133176332739,0.0251783412573,0.21388439859,0.0675136051817,0.0903220647827,0.273852719553,0.00686927900241,0.00793072910351
91,0.186170358039,0.131687497128,0.0250490637289,0.217118602472,0.0674129565575,0.089165545304,0.268633698928,0.0068975153709,0.00786476247133
92,0.221228297281,0.128484704661,0.029394516595,0.317592049504,0.0639564039166,0.0743703947352,0.151662132573,0.00734023517722,0.00597126555699
93,0.184152363821,0.129617458149,0.0244646270537,0.225281597155,0.0662282098815,0.0883491589681,0.267440246206,0.00680148493832,0.00766485382762
94,0.221228297281,0.128484704661,0.029394516595,0.317592049504,0.0639564039166,0.0743703947352,0.151662132573,0.00734023517722,0.00597126555699
95,0.0827308507303,0.196190005321,0.0381932348331,0.243760930779,0.083960508102,0.0877514823154,0.25469676173,0.00745794234107,0.00525828384793
96,0.162128592764,0.132444330844,0.0247700247471,0.209177187415,0.0667517294053,0.0868119613022,0.30362203188,0.00665290455424,0.00764123708719
97,0.185208774194,0.129180026687,0.0243774708403,0.223938755393,0.0660046225815,0.0879668765796,0.268918607665,0.00677930487248,0.00762556118681
98,0.183772386726,0.133395097431,0.0251655943219,0.199781222672,0.0673580870602,0.0894762777844,0.286256741352,0.0069406577853,0.00785393486848
99,0.000558281566985,0.248591296953,0.0398587842,1.7066191007e-07,0.124195928607,0.00853531729614,0.56072642149,0.00325482035051,0.0142789788741
100,0.187124526866,0.132296814214,0.0252144429035,0.221500965934,0.0677721453974,0.0893925033478,0.261740372645,0.00692371464715,0.00803451404445
101,0.199134654614,0.127945255273,0.0293332155434,0.267583658413,0.0774435028134,0.101750389833,0.18110462999,0.00700608047006,0.00869861305085
102,0.187588983867,0.132585642239,0.0252822689248,0.22608679294,0.0678853632737,0.0895152767012,0.256114292926,0.00691603077585,0.00802534835223
103,0.155023590297,0.127932454136,0.0231857310145,0.144258234068,0.0573522829793,0.075712687055,0.402947059312,0.00625799772145,0.00732996341749
104,0.185208570922,0.132251174205,0.0250091929535,0.213404875256,0.0678690205538,0.0882481472588,0.273620687567,0.00662347834921,0.00776485293519
105,0.379085665614,0.0342510078772,0.0397622923072,0.252956698839,0.134137994733,0.122057672827,0.016826327555,0.00840955095431,0.0125127892924
106,0.12832432822,0.118040936868,0.0133602870618,0.00895519956696,0.0686359791692,0.0652056109926,0.593934761735,0.0002029501937,0.00333994619227
107,0.186254752519,0.131393009775,0.0249694063795,0.217856058884,0.0672379382711,0.0890140660259,0.268553874383,0.00688301573593,0.00783787802643
108,0.173176874734,0.142663683386,0.0269471554185,0.170000760349,0.0722539125359,0.0892826587244,0.310336246813,0.00714734363406,0.00819136440498
109,0.178324481036,0.127053705738,0.0234983728892,0.223898513137,0.0635550241176,0.086683576329,0.283035106226,0.00659516555456,0.00735605497249
110,0.184368147639,0.127396074552,0.0238878049047,0.228382390682,0.0650240129658,0.0870618373475,0.269732865914,0.00669543042203,0.00745143557249
111,0.212406713329,0.0930496156624,0.0279443124568,0.483240567727,0.0686246546821,0.0836244287518,0.0156131426253,0.00650722537687,0.00898933938851
112,0.0116468067656,0.148139902616,0.0258698985291,0.00336073671745,0.0871224078946,0.0498755355223,0.669579908525,0.00370114983253,0.00070365359759
113,0.238811821176,0.0765161346115,0.0395573089313,0.373779245668,0.113060053511,0.139334536239,0.00150000407653,0.00666179560879,0.0107791001777
114,0.186155033522,0.131646616948,0.0250379921288,0.217233150387,0.0673900660236,0.0891459929353,0.268634766838,0.00689558938963,0.00786079182819
115,0.186222999582,0.13182639256,0.0250860941928,0.216743209153,0.0674912024127,0.0892314507736,0.268616663299,0.00690406336304,0.0078779246626
116,0.186415931567,0.13184839449,0.0250904663093,0.218587756522,0.0674977737632,0.0892303143418,0.266535979294,0.00690116839627,0.00789221531644
117,0.184152363821,0.129617458149,0.0244646270537,0.225281597155,0.0662282098815,0.0883491589681,0.267440246206,0.00680148493832,0.00766485382762
118,0.091516534839,0.113867467965,0.0280329071347,0.0135941508202,0.065634156874,0.0573243825562,0.617826428208,0.0044512432972,0.00775272830579
119,0.176422090681,0.133927884478,0.0251913855204,0.214161432021,0.0674352326437,0.091529446184,0.276565094362,0.00681519904915,0.00795223506042
120,0.11590770195,0.148389420995,0.0263809208992,0.146139970888,0.0718132337691,0.0770141170924,0.403159473511,0.00682246574741,0.00437269514739
121,0.170271183679,0.1269470571,0.0231597215288,0.160647760963,0.0648305715541,0.083580754423,0.357279255813,0.00654660057075,0.00673709436831
122,7.75354456014e-05,0.139824550692,0.0027261047986,2.31716437208e-07,0.0693089575894,0.000710637366914,0.787302628162,1.39318312684e-07,4.92149105148e-05
123,0.185660282176,0.132816183564,0.0252349228958,0.212034383482,0.0678444891914,0.0896264590153,0.271916890035,0.00694486873313,0.00792152090852
124,0.265110483158,0.15457564716,0.0344135622591,0.333007202933,0.0790280695657,0.0916701208348,0.030859765183,0.00789181714808,0.0034433317581
125,0.187227523433,0.132319425137,0.0251957820962,0.219586485677,0.0676902414301,0.0895888764881,0.263525099432,0.00691095970757,0.0079556065993
126,0.181763055478,0.146121715991,0.0278177609317,0.106869128329,0.0732806582763,0.0925193381718,0.355877453629,0.00754055603308,0.00821033316006
127,0.0053624020605,0.125568740011,0.0486272510086,1.11901044424e-05,0.0812490009243,0.00556073415607,0.72279937531,0.00257838699687,0.00824291942847
128,0.186222999582,0.13182639256,0.0250860941928,0.216743209153,0.0674912024127,0.0892314507736,0.268616663299,0.00690406336304,0.0078779246626
129,0.186177786577,0.13178019374,0.0250727463688,0.216846944595,0.0674639206126,0.0892053354122,0.268679517482,0.00690158834436,0.00787196686747
130,0.0459255960327,0.219676417167,0.0297412879731,0.0120830144482,0.101594823535,0.140207817913,0.434189799996,0.00712456889587,0.00945667403886
131,0.185820319508,0.130769263296,0.024803820668,0.219606227327,0.0668962550242,0.0887284662122,0.268743919721,0.00685421970584,0.00777750853768
132,0.180793823153,0.130810403507,0.0245722340906,0.21426289728,0.066062932168,0.0875927619185,0.281401693678,0.00678035877926,0.00772289542611
133,0.18043632875,0.133754242956,0.0252602633512,0.209399748031,0.0674394128026,0.089465895458,0.279516912775,0.00690644145833,0.00782075441728
134,0.258062141789,0.103737915793,0.0351122264071,0.333167550274,0.101040558966,0.124445874957,0.0265526481313,0.00763074775825,0.0102503359246
135,0.1848276673,0.130095870398,0.024538827524,0.21919182307,0.0663043888837,0.0883781854447,0.272179193222,0.00680837354218,0.00767567061576
136,0.18155212171,0.122578844118,0.0226355675225,0.243347646939,0.0624257354621,0.0845615655619,0.269428249972,0.00646912676497,0.00700114194876
137,0.147385116892,0.153865983722,0.0286287874039,0.138956183942,0.0739897044175,0.100031746126,0.341322629989,0.00725082088933,0.00856902661806
138,0.197420945749,0.136291245727,0.0266115643457,0.232318718247,0.0720846591496,0.0954179187357,0.224267811131,0.00723897830796,0.00834815860615
139,0.221228297281,0.128484704661,0.029394516595,0.317592049504,0.0639564039166,0.0743703947352,0.151662132573,0.00734023517722,0.00597126555699
140,0.23594701049,0.131730678967,0.0322448576725,0.306206496664,0.0900359960352,0.117757248156,0.0684024953777,0.00787685676275,0.0097983598753
141,0.186203479655,0.131774860632,0.0250723568991,0.216882455944,0.0674621698433,0.089207005038,0.268622995792,0.00690163403011,0.00787304216646
142,0.202966089044,0.027441292756,0.0275041883622,0.725854804681,0.0080444437812,0.00460252003498,0.000147507968143,0.00320153661672,0.000237616755432
143,0.184342866015,0.132244119261,0.0251132772584,0.214786721865,0.0676208710528,0.0888473509642,0.272408445545,0.00690677363162,0.00772957440729
144,0.139501912409,0.150184976933,0.028032918059,0.130754806116,0.0791590493565,0.090063958031,0.369573135977,0.00699877553789,0.00573046757971
145,0.0726950917025,0.143696168213,0.0353775229473,1.5365684614e-07,0.0928391188278,0.00228615527387,0.615586438519,0.00904389733289,0.0284754535266
146,0.116756083263,0.180438300686,0.0279318534085,0.0781671792442,0.0905790142908,0.08751062707,0.407045990397,0.00427042051035,0.0073005311301
147,0.140706666858,0.156129983436,0.030290184447,0.241462105109,0.0732618021473,0.0904591142502,0.253370303573,0.00722388140688,0.00709595877237
148,0.230178076897,0.248203105306,0.0466277838683,0.0707018284859,0.122348786601,0.135289730233,0.120382320698,0.0116433244951,0.0146250434164
149,0.0274510215816,0.117235533196,0.0319073726117,1.05706314595e-07,0.0845777750112,0.000325713081568,0.701043024786,0.00747549537533,0.0299839586503
150,0.186222535683,0.131825167512,0.0250857676609,0.216746519084,0.0674905121937,0.0892308697367,0.268616813901,0.00690400561231,0.00787780861485
151,0.0966298059856,0.0855584551964,0.0195757464023,0.00188119850713,0.0131596609806,0.056795789278,0.715371846035,0.0048881708703,0.00613932674519
152,0.14913334615,0.132042108906,0.031190991942,0.484735337978,0.0792663720737,0.0876552569458,0.0190887123329,0.00754340546616,0.00934446820507
153,0.185996692063,0.132292923401,0.0251398346775,0.21483922335,0.0675441906923,0.0893463032897,0.270026889443,0.00691480610303,0.00789913697996
154,0.186222999582,0.13182639256,0.0250860941928,0.216743209153,0.0674912024127,0.0892314507736,0.268616663299,0.00690406336304,0.0078779246626
155,0.022489501372,0.267681207979,0.0442756030673,2.52643089235e-05,0.0637360782863,0.050400741963,0.530151959428,0.00892852322754,0.0123111203684
156,0.128597091579,0.137375460729,0.0280308321973,0.100881996934,0.065406661802,0.0755841817278,0.449772303219,0.00650469395394,0.00784677785809
157,0.186191988259,0.131776597307,0.0250728811465,0.216843590025,0.0674603943982,0.089200800415,0.268678885216,0.00690149199258,0.00787337124054
158,0.220485881318,0.139273467526,0.0295148306409,0.262718684604,0.0814577180277,0.107240283992,0.142250562734,0.00782398063076,0.00923459052734
159,1.50919092329e-07,0.332455512086,0.00336401911624,1.50919092329e-07,0.0876239435289,0.0437989343207,0.531736053911,1.46456477444e-05,0.00100658955092
160,0.182714582709,0.12258268645,0.0225879706159,0.240650517736,0.0623932750037,0.0848745029759,0.270593498766,0.00641844394944,0.00718452179429
161,0.218154884432,0.130362473367,0.029035580539,0.266756808106,0.080101676996,0.104080646074,0.155076298657,0.00751876467526,0.00891286715314
162,0.185895156023,0.130965091933,0.0248560897212,0.219073860794,0.0670063788118,0.0888217005921,0.26872217116,0.00686345121865,0.00779609974521
163,0.258707820885,0.101293186955,0.0350862190521,0.338096238054,0.101404301194,0.124541027215,0.0231382638085,0.00754396951748,0.0101889733191
164,0.184463620099,0.129901170953,0.0245180515843,0.221724056893,0.0661918777097,0.0882872450788,0.270430529844,0.00679808830922,0.00768535952799
165,0.196326269293,0.131307950924,0.026149647846,0.252235919748,0.0697940230754,0.0917330314196,0.217137820804,0.00709207812808,0.00822325876153
166,0.186222999582,0.13182639256,0.0250860941928,0.216743209153,0.0674912024127,0.0892314507736,0.268616663299,0.00690406336304,0.0078779246626
167,0.0900878762335,0.161960939609,0.0297932833722,0.0687631274471,0.087583229121,0.0850123257742,0.466310247821,0.00658475512303,0.00390421549948
168,0.186554862203,0.130483978542,0.0247977563614,0.221262861664,0.0670122630278,0.0889840128808,0.266285311472,0.00685655372146,0.00776240012761
169,0.128597091579,0.137375460729,0.0280308321973,0.100881996934,0.065406661802,0.0755841817278,0.449772303219,0.00650469395394,0.00784677785809
170,0.189999742519,0.133350216614,0.0256151899631,0.223145051299,0.0690288620405,0.0912341690318,0.252559157379,0.00701264335282,0.00805496780011
171,0.283097092647,0.155174634447,0.0361315541975,0.329733231846,0.0784924501053,0.0954371444616,0.00867040518252,0.00695814323754,0.00630534387609
172,0.00256024371633,0.197024893844,0.0352447306553,1.35256377525e-07,0.036157254519,0.00654562133318,0.710207222771,0.00389451151702,0.00836538638722
173,0.217976261946,0.13038776083,0.0290011663122,0.266393628251,0.0800050720424,0.103964199715,0.155851938572,0.00751534617661,0.00890462615532
174,0.266881050117,0.154428885825,0.0354638158452,0.337675528644,0.0736286318227,0.10497336738,0.00456032981336,0.00586243187996,0.0165259586732
175,0.179789825914,0.128482412735,0.0239417810605,0.196809100139,0.0656134694176,0.085950015749,0.305454497344,0.00670042572866,0.007258471912
176,0.145383755637,0.139956053029,0.0218061450684,0.127285019201,0.0756648156049,0.0562869000766,0.427298005236,0.00175924965701,0.00456005649035
177,0.221228297281,0.128484704661,0.029394516595,0.317592049504,0.0639564039166,0.0743703947352,0.151662132573,0.00734023517722,0.00597126555699
178,0.148750584177,0.156568128205,0.0311013357449,0.0973849616136,0.0779945940088,0.0652387869974,0.406849323202,0.00691992963829,0.00919235641329
179,0.180735782705,0.123753423482,0.0228698936081,0.234582868383,0.0624065556235,0.0843112258081,0.27773330479,0.00648043922196,0.0071265063791
180,0.00400372857135,0.132109719041,0.0112270419207,0.00358686365488,0.0273500406773,0.00624905132268,0.814065330256,0.000163432658768,0.00124479189771
181,0.186199761922,0.131765050402,0.0250697420541,0.21690897033,0.0674566429825,0.0892023509952,0.26862419691,0.00690117154756,0.00787211285641
182,0.176054355032,0.132078982129,0.0253332678371,0.196153382582,0.0663760324008,0.0861662382603,0.303167837259,0.00680064623619,0.00786925826328
183,0.185660282176,0.132816183564,0.0252349228958,0.212034383482,0.0678444891914,0.0896264590153,0.271916890035,0.00694486873313,0.00792152090852
184,0.0925378995623,0.144434202904,0.0183714287886,0.0528452767291,0.0811317531971,0.0369284006381,0.57035800813,0.00054770241645,0.00284532763392
185,0.14913334615,0.132042108906,0.031190991942,0.484735337978,0.0792663720737,0.0876552569458,0.0190887123329,0.00754340546616,0.00934446820507
186,0.197420945749,0.136291245727,0.0266115643457,0.232318718247,0.0720846591496,0.0954179187357,0.224267811131,0.00723897830796,0.00834815860615
187,0.197420945749,0.136291245727,0.0266115643457,0.232318718247,0.0720846591496,0.0954179187357,0.224267811131,0.00723897830796,0.00834815860615
188,0.189736432553,0.143158140795,0.0274001360875,0.161357509074,0.0739352655281,0.0867266284794,0.301721576689,0.00744640998695,0.00851790080592
189,0.152721156941,0.163420728805,0.0304689134672,0.0863469479049,0.0836033413416,0.0897639609652,0.376270616111,0.00772499155733,0.00967934290604
190,0.253692538992,0.155675578573,0.0329150303371,0.293911837853,0.0790672949268,0.0973063074484,0.0734759520026,0.0079978651469,0.0059575947203
191,0.243302334549,0.121896349651,0.0331659739669,0.321990961378,0.0933482188994,0.118932961151,0.0496375989978,0.00772602555053,0.00999957585553
192,0.186222999582,0.13182639256,0.0250860941928,0.216743209153,0.0674912024127,0.0892314507736,0.268616663299,0.00690406336304,0.0078779246626
193,0.247518141052,0.118677722719,0.0340998551033,0.304635730074,0.0957100819079,0.119919961323,0.0613865174673,0.00787050846055,0.010181481893
194,0.221228297281,0.128484704661,0.029394516595,0.317592049504,0.0639564039166,0.0743703947352,0.151662132573,0.00734023517722,0.00597126555699
195,0.186222999582,0.13182639256,0.0250860941928,0.216743209153,0.0674912024127,0.0892314507736,0.268616663299,0.00690406336304,0.0078779246626
196,0.244686012581,0.137735927173,0.0322318196395,0.309595717949,0.0921711812561,0.122255544293,0.043029160526,0.00820633024996,0.010088306333
197,0.0380575528929,0.0589635369216,0.0258209632661,0.767082754873,0.0590790729568,0.0392570534447,2.72227346149e-06,0.00431188322561,0.00742446014578
198,0.177708386459,0.145261630102,0.0270082039961,0.158536122742,0.0720556037371,0.0946964377579,0.308804095564,0.00747503954323,0.00845448009897
199,0.177493475792,0.127967267445,0.023935670588,0.218383931743,0.0643720458406,0.0839984585166,0.289850720231,0.00664585984696,0.00735256999565
200,0.185140981356,0.131961353733,0.0250345051065,0.212866457304,0.0673381269833,0.0890815880712,0.273852333217,0.00689640856977,0.00782824565919
201,0.214580118305,0.190006256095,0.0333711594568,0.000974108188915,0.0769468844233,0.126134097045,0.280639671732,0.0637147009938,0.0136330037597
202,0.186222999582,0.13182639256,0.0250860941928,0.216743209153,0.0674912024127,0.0892314507736,0.268616663299,0.00690406336304,0.0078779246626
203,0.280948431724,0.135406769929,0.0303573085933,0.368739771221,0.0668016542726,0.086478520866,0.0149113888075,0.0068349950383,0.00952115954795
204,0.0958172000635,0.164574415423,0.0303189144819,0.0460128528894,0.0875782362346,0.0871605047037,0.477299608596,0.00684179673685,0.00439647087093
205,0.193821199736,0.152952328775,0.0284798030086,0.130792895084,0.0745484198325,0.0989774892904,0.304233572938,0.00727456031707,0.00891973101794
206,0.00444685376071,0.139695915679,0.0163817969305,0.000463590932963,0.0197672394992,0.0608686743423,0.747527820662,0.00244964222416,0.00839846596895
207,0.186176840036,0.13170629061,0.0250538581039,0.217062137986,0.0674234658163,0.0891741938966,0.268638371883,0.00689839450249,0.00786644716653
208,0.181442135483,0.137087240965,0.0257402690713,0.201077679529,0.0698449807837,0.0928862687724,0.276684919581,0.00710781409269,0.00812869172225
209,0.184086191335,0.132369273389,0.025111980068,0.210300492723,0.0671903459787,0.088657865778,0.277487869407,0.00689808050824,0.00789790081386
210,0.0452067684785,0.172922709105,0.0195368644619,0.0103510687066,0.0940866192926,0.0624610598649,0.590631384267,0.00081196468378,0.00399156113972
211,0.000139853809794,0.000506667101828,0.015343637313,0.00267292552476,0.0633252196985,5.71562888976e-05,9.10774377288e-08,0.00718016307024,0.910774286116
212,0.178059984982,0.145293065375,0.0269293707957,0.171075087596,0.0731653972345,0.0985779491786,0.290859789282,0.00747071910266,0.00856863645272
213,0.189977863896,0.138704451581,0.026232347674,0.165426142293,0.0705434334678,0.0923410830158,0.30142580925,0.00726256252042,0.0080863063027
214,0.201199418768,0.128770207077,0.024270433135,0.245815967304,0.0643325300257,0.0867279576347,0.234612340034,0.00666116063758,0.00760998538412
215,0.18447205179,0.131002221167,0.0248605955648,0.215988931963,0.0666229445999,0.0880792595435,0.274317147077,0.00683917725761,0.00781767103715
216,0.186839739807,0.132044192297,0.0252290994903,0.217303988106,0.0678824500751,0.0896965811881,0.266154844605,0.00692791198734,0.00792119244419
217,0.0374174774426,0.164572633183,0.0174716840231,0.000926426274431,0.0691237656886,0.120534471211,0.58020259634,0.00492057514907,0.00483037068855
218,0.0925378995623,0.144434202904,0.0183714287886,0.0528452767291,0.0811317531971,0.0369284006381,0.57035800813,0.00054770241645,0.00284532763392
219,0.184787600169,0.132792151651,0.0251388052234,0.20649587863,0.0674248511006,0.0893961975474,0.27917203048,0.00692738593537,0.007865099263
220,0.13929687284,0.156137809109,0.0287474206502,0.0456399902477,0.0816177113274,0.0992687507486,0.432470067194,0.00754928935788,0.00927208852498
221,0.152791667528,0.145568324963,0.0294939986637,0.157010382454,0.0814280270036,0.0948203525204,0.325271955226,0.00708325114163,0.00653204049946
222,0.186222999582,0.13182639256,0.0250860941928,0.216743209153,0.0674912024127,0.0892314507736,0.268616663299,0.00690406336304,0.0078779246626
223,0.232173433247,0.131968652831,0.0317222049502,0.300557911789,0.0880495364605,0.115067054823,0.0830338155547,0.00780196975104,0.00962542059304
224,0.18799822735,0.132033734022,0.0253364002852,0.220707848247,0.0682221746649,0.0902327788963,0.260593302715,0.00693904310731,0.00793649071249
225,0.185997851665,0.131610932239,0.0250238530192,0.217284148178,0.0673692967973,0.0891158365504,0.268857479731,0.00689190796048,0.00784869385956
226,0.0318827920805,0.139975378223,0.0226912127533,2.91376003839e-05,0.0460801146649,0.0574721679256,0.690520181887,0.00516982952286,0.00617918534214
227,0.179726373139,0.150640905825,0.0276689458217,0.100504797557,0.0765337907766,0.0944722041934,0.355424043013,0.00682911750189,0.00819982217202
228,0.190453236026,0.137159975597,0.0260033365644,0.188881035091,0.0692279147415,0.0920168870214,0.28098814951,0.00715014793805,0.00811931751082
229,0.18970755508,0.140765102671,0.0267100533411,0.156520764439,0.07145778933,0.0930970683772,0.306159302285,0.00735127265916,0.00823109181755
230,0.23154724874,0.132691417254,0.0316227749175,0.297245803948,0.0876999328847,0.114565851017,0.0871919691427,0.00781552374147,0.00961947835537
231,0.186222075134,0.131823949226,0.0250854427252,0.216749927172,0.0674898268607,0.0892302914114,0.268616846304,0.00690394802986,0.00787769313623
232,0.186036548137,0.131351174482,0.0249589006072,0.218038503816,0.0672266659217,0.0889986597632,0.26867604414,0.00688169059532,0.00783181253721
233,0.184342866015,0.132244119261,0.0251132772584,0.214786721865,0.0676208710528,0.0888473509642,0.272408445545,0.00690677363162,0.00772957440729
234,0.238811821176,0.0765161346115,0.0395573089313,0.373779245668,0.113060053511,0.139334536239,0.00150000407653,0.00666179560879,0.0107791001777
235,0.181988177321,0.133231222334,0.0251766059257,0.212021113299,0.0672757782822,0.0899062271431,0.275552777085,0.00689433255118,0.00795376605997
236,0.181611171241,0.131859675045,0.0248868853579,0.203060225488,0.0661105483047,0.0874475853418,0.290375738262,0.00683228197119,0.00781588898903
237,0.186170358039,0.131687497128,0.0250490637289,0.217118602472,0.0674129565575,0.089165545304,0.268633698928,0.0068975153709,0.00786476247133
238,0.18613249912,0.00714598442934,0.0307742215433,0.449194035886,0.142269128859,0.173947101819,1.55254426051e-07,0.00235280909368,0.00818406399572
239,0.185591890022,0.130174064748,0.0246444975619,0.221224422027,0.0665618837619,0.0884439596364,0.26881236525,0.00682615558414,0.0077207614091
240,0.331885111968,0.0621305115641,0.0192735691337,0.557665703399,0.0186816206496,0.00989435652093,1.62431432076e-07,0.0004688019019,1.62431432076e-07
241,0.0292712073511,0.147017069663,0.0221429300627,0.0207177559688,0.0635964877044,0.0407981644958,0.670490744335,0.0052902924638,0.000675347955624
242,0.165768774249,0.143899182216,0.0264480937018,0.163480246956,0.0715971344788,0.0949222653525,0.318522327037,0.00724776640043,0.00811420960844
243,0.267607117057,0.0965648510831,0.0156059180485,0.0575773212066,0.0571446522397,0.121567554157,0.376052549041,0.0010491178977,0.00683091926933
244,0.184303938466,0.127813664106,0.0240062808644,0.227237479663,0.0652128497233,0.0872390826615,0.269981703018,0.00671062165565,0.00749437984233
245,0.183565331463,0.126818888851,0.0237099819965,0.230654716681,0.0645428325776,0.0867036252366,0.269961414311,0.00666652257459,0.00737668630848
246,0.180492417096,0.133640360129,0.0253680706985,0.207978142506,0.0681429447987,0.0887298476977,0.281068290879,0.00688868408705,0.00769124210839
247,0.232754923339,0.125359508238,0.0302444713047,0.327649499436,0.0857638361962,0.11345110337,0.0682342244893,0.00752083707819,0.00902159654802
248,0.17933073697,0.1287469288,0.0240240170898,0.232815901856,0.0654216449997,0.0880852626583,0.267310244974,0.0067580530946,0.00750720955861
249,0.176664528771,0.131389358913,0.0249174982873,0.21679829734,0.0649649925021,0.0868381811557,0.283729656791,0.00681902361034,0.00787846262912
250,0.173372465695,0.127888477639,0.024044020416,0.202311102569,0.0622451495539,0.0815199138957,0.314433998217,0.00651869540248,0.00766617661179
251,0.186166614256,0.131677628061,0.0250464319206,0.217145284471,0.0674073977232,0.0891608603372,0.268634906257,0.0068970500931,0.00786382688191
252,0.182445617102,0.130414669732,0.0247058305903,0.220976579425,0.0656158175373,0.0859934872077,0.275165963297,0.00676840740241,0.00791362770558
253,0.156353018795,0.143050082464,0.0269230078931,0.163198676554,0.0738012373438,0.0895675563632,0.333527607126,0.00694130420377,0.00663750925704
254,0.186222999582,0.13182639256,0.0250860941928,0.216743209153,0.0674912024127,0.0892314507736,0.268616663299,0.00690406336304,0.0078779246626
255,0.097993017051,0.0867665112529,0.0198505322993,7.254281046e-08,0.00118223194628,0.0575962413876,0.725428032435,0.00495694401322,0.00622641707205
256,0.26276979338,0.0934711881746,0.0355274979334,0.347127907842,0.104869641033,0.128621937517,0.00984193878148,0.00743675264611,0.010333342693
257,0.185603627554,0.130396370358,0.0247048333828,0.220403078608,0.0666725641162,0.0885085689245,0.26913266276,0.00683515036957,0.00774314392864
258,0.124609887281,0.119425970019,0.0304867572618,0.548556808112,0.0760381793325,0.07870075145,0.00616704598703,0.00703925796418,0.00897534259282
259,0.186222999582,0.13182639256,0.0250860941928,0.216743209153,0.0674912024127,0.0892314507736,0.268616663299,0.00690406336304,0.0078779246626
260,0.23154724874,0.132691417254,0.0316227749175,0.297245803948,0.0876999328847,0.114565851017,0.0871919691427,0.00781552374147,0.00961947835537
261,0.186222999582,0.13182639256,0.0250860941928,0.216743209153,0.0674912024127,0.0892314507736,0.268616663299,0.00690406336304,0.0078779246626
262,0.265110483158,0.15457564716,0.0344135622591,0.333007202933,0.0790280695657,0.0916701208348,0.030859765183,0.00789181714808,0.0034433317581
263,0.186156935,0.131704201044,0.0250526294928,0.217012330613,0.0674203387912,0.0891653028084,0.268724647804,0.00689800512077,0.00786560932633
264,0.000983070046929,0.197826659282,0.0342194596981,1.34774068785e-07,0.0283446360004,0.00407019059204,0.723446534886,0.00334536456642,0.00776395015445
265,0.227716045039,0.126514111562,0.0308337480172,0.284647433258,0.0851995058423,0.109214801121,0.118950863943,0.00759889008276,0.00932460113376
266,0.184599803508,0.132643865782,0.0250564184055,0.208295296892,0.0678105919819,0.0901570970994,0.276625436847,0.00693262779156,0.00787886169258
267,1.00258348178e-06,0.0107916915902,0.0232589446219,4.6036939232e-08,0.0483896468144,4.6036939232e-08,0.460367651453,0.00347885464397,0.453712116219
268,0.16677137025,0.127716445568,0.0242151408834,0.185202527929,0.0641636405844,0.0867726220019,0.330869927127,0.00670315256081,0.00758517309575
269,0.186222999582,0.13182639256,0.0250860941928,0.216743209153,0.0674912024127,0.0892314507736,0.268616663299,0.00690406336304,0.0078779246626
270,0.160929403897,0.122871530364,0.0415295347518,0.339050480547,0.101263435415,0.145292430899,0.0714982240152,0.00646316109915,0.011101799013
271,0.0772770109544,0.168881561757,0.0213942626436,0.0375637399556,0.0895176471241,0.0475866769158,0.553095439264,0.000959031726491,0.00372462965955
272,0.124150104121,0.103349104561,0.0164060238481,0.256734231792,0.0457790781688,0.0528409718871,0.391720234684,0.00508012878492,0.00394012215317
273,0.185756311597,0.132156399938,0.0251053288874,0.213305233792,0.0674735937861,0.0892922973469,0.272124371117,0.00691229044007,0.00787417309547
