ID,class1,class2,class3,class4,class5,class6,class7,class8,class9
0,0.125711018229,0.104060134009,0.0278404162008,0.460177059326,0.0653662372938,0.0648833754429,0.137649548115,0.00531646520584,0.00899574617751
1,0.18218217477,0.135322522999,0.0267249881157,0.207164891138,0.0683071327929,0.0865297805669,0.278967107952,0.00538622241377,0.00941517925125
2,0.25542827136,0.150040763673,0.0338942235995,0.39307802174,0.0426201745396,0.0897215206205,0.0206575717323,0.00682549421573,0.00773395851965
3,0.172709018022,0.125381964673,0.0240215855021,0.238352967664,0.0620826507232,0.081095986765,0.283091663586,0.00482087411705,0.0084432889471
4,0.181201334187,0.13371641488,0.026451304096,0.212335897023,0.0676274198089,0.0860038331206,0.278075144951,0.00530356157644,0.0092850903568
5,0.18223066878,0.134870723253,0.026719372276,0.209240654686,0.068243676834,0.0865298365936,0.277391842433,0.00537029318086,0.00940293196443
6,0.182561672859,0.135269417996,0.026809569739,0.20806856197,0.0684406573246,0.0867217880635,0.277293325132,0.00539256078747,0.00944244612967
7,0.181226207815,0.136796383656,0.0269351667422,0.198287460373,0.0696495096195,0.0864101896728,0.286367946201,0.00544152075701,0.00888561516342
8,0.1422053896,0.113732002223,0.0278947434975,0.3895909471,0.0670400966676,0.0713718344878,0.173532344897,0.0053958939791,0.00923674754821
9,0.180360061254,0.154222091072,0.0306405147987,0.128788581962,0.0762788064321,0.0987256835162,0.314042068983,0.00611395944492,0.0108282325368
10,0.178418864529,0.136232855039,0.0260405265291,0.206491077124,0.0687638885573,0.085679562186,0.284154322078,0.00541813117329,0.00880077278391
11,0.249481507483,0.120279011447,0.036811788673,0.326194771512,0.106644729182,0.127889379247,0.0121192852942,0.00753027802607,0.0130492491352
12,0.0984533035738,0.0865668125938,0.0269714308834,0.57363736771,0.0604588852122,0.0530662415438,0.0874407358472,0.00501136198552,0.00839386065002
13,0.158232592001,0.152323060506,0.0324737265803,0.0581004414866,0.0743563806778,0.0793334705138,0.429498106448,0.00591033766492,0.00977188412154
14,0.182575925525,0.135281134199,0.0268132207599,0.208027955412,0.0684494427737,0.0867297689262,0.277285435225,0.00539340317552,0.00944371400355
15,0.182575925525,0.135281134199,0.0268132207599,0.208027955412,0.0684494427737,0.0867297689262,0.277285435225,0.00539340317552,0.00944371400355
16,0.1422053896,0.113732002223,0.0278947434975,0.3895909471,0.0670400966676,0.0713718344878,0.173532344897,0.0053958939791,0.00923674754821
17,0.249267499543,0.144597318474,0.03420993114,0.142572465425,0.0992340552888,0.113122459879,0.208821179788,0.0066339045951,0.0015411858677
18,0.0887330219922,0.0801027776931,0.0266802398675,0.607864072718,0.0589718210074,0.0511215260966,0.0735215187622,0.00489978129545,0.0081052405676
19,0.181662985997,0.134217777775,0.0265545812657,0.21110940254,0.0678925745534,0.0862244288153,0.277666511636,0.00533323554256,0.00933850187558
20,0.182278612943,0.135434938323,0.0267517313906,0.206846406683,0.0683649677575,0.0865829688009,0.278921343493,0.00539262037545,0.00942641023269
21,0.159096176094,0.194456090788,0.0112829838327,0.0327939710282,0.0931431951755,0.0798573290547,0.421591211207,0.0039043070586,0.00387473576101
22,0.182488697589,0.135197964534,0.0267923756235,0.208155498708,0.0684042414132,0.0866928107096,0.277445215353,0.00538841887099,0.00943477719811
23,0.181616984033,0.133716591768,0.0264796968002,0.217105067457,0.0677442926869,0.0859486857748,0.272730547905,0.00531334659586,0.0093447869802
24,0.184122726551,0.135656568246,0.0270650145791,0.210187238725,0.0691175897773,0.087497256843,0.271383010905,0.00544038605127,0.00953020832171
25,0.181958594562,0.134683151796,0.0266828036475,0.209944464928,0.068156150506,0.0863636835731,0.27747125645,0.00535837635084,0.0093815181861
26,0.166385234531,0.137040145013,0.0207947776826,0.220223891189,0.068799837068,0.0736570759536,0.30065692327,0.00453534863079,0.00790676666305
27,0.181599656923,0.138707773396,0.02757536313,0.183365988889,0.0694284746484,0.0865851698659,0.297578157256,0.00549955915961,0.0096598567321
28,0.176821764425,0.147840741996,0.0277052958623,0.157549683078,0.0707915071674,0.0922174605894,0.31170271142,0.00583030344104,0.00954053202088
29,0.171961158466,0.141284829114,0.0244096176828,0.218906512122,0.068300448519,0.0837146835035,0.278222615543,0.00557864887392,0.00762148617621
30,0.182278612943,0.135434938323,0.0267517313906,0.206846406683,0.0683649677575,0.0865829688009,0.278921343493,0.00539262037545,0.00942641023269
31,0.182575925525,0.135281134199,0.0268132207599,0.208027955412,0.0684494427737,0.0867297689262,0.277285435225,0.00539340317552,0.00944371400355
32,0.184987980153,0.164720362087,0.0304179061352,0.0862797845355,0.0831061235744,0.0912681992613,0.341396714129,0.00650599063348,0.011316939491
33,0.125711018229,0.104060134009,0.0278404162008,0.460177059326,0.0653662372938,0.0648833754429,0.137649548115,0.00531646520584,0.00899574617751
34,0.184802944179,0.139984508615,0.0258193938751,0.141758544068,0.0748162455974,0.0890728467686,0.328198905583,0.00565954543059,0.0098870658839
35,0.182575925525,0.135281134199,0.0268132207599,0.208027955412,0.0684494427737,0.0867297689262,0.277285435225,0.00539340317552,0.00944371400355
36,0.185708157342,0.141504735937,0.0276982129737,0.164063368622,0.0714912111479,0.0883713575581,0.305955965272,0.00563334912069,0.00957364202658
37,0.267994187356,0.112014236906,0.0341410620639,0.403315263976,0.0568586588493,0.0912171377335,0.0154239558384,0.00680058469045,0.0122349125859
38,0.166200542122,0.00951351457525,0.0223611312175,0.453446580133,0.165650348076,0.161689623718,1.43532665239e-07,0.00800754331709,0.0131305733084
39,0.182668296775,0.135424244439,0.0268381560264,0.207308191645,0.0685269495998,0.0867836386573,0.277596812643,0.0053994890784,0.00945422113592
40,0.182575925525,0.135281134199,0.0268132207599,0.208027955412,0.0684494427737,0.0867297689262,0.277285435225,0.00539340317552,0.00944371400355
41,1.58834700853e-06,0.188894630873,0.00829398498376,1.21195410019e-07,0.0126925270478,5.93111073346e-05,0.782390345355,0.00479431944754,0.00287317164334
42,0.181919804308,0.135478696603,0.0264672363802,0.206017161835,0.0676737094378,0.0862393793267,0.281399239445,0.00537666606678,0.00942810659755
43,0.1422053896,0.113732002223,0.0278947434975,0.3895909471,0.0670400966676,0.0713718344878,0.173532344897,0.0053958939791,0.00923674754821
44,0.00241557579719,0.156334944524,0.0338717711944,0.028867302963,0.0778952166121,0.0272233221304,0.666828130298,0.00458531092895,0.00197842555219
45,0.180858327131,0.13571218928,0.0264823287328,0.206472672718,0.0684485290897,0.0862043861249,0.28121957311,0.00539860862475,0.00920338518854
46,0.18218217477,0.135322522999,0.0267249881157,0.207164891138,0.0683071327929,0.0865297805669,0.278967107952,0.00538622241377,0.00941517925125
47,0.160484219128,0.118748125406,0.0215103993868,0.270507062044,0.055448657861,0.0745397623602,0.286872086531,0.00420540520628,0.00768428207728
48,0.182660815768,0.135281234089,0.0268210603024,0.208244667112,0.0684779010336,0.0867694660067,0.276905041775,0.00539445236472,0.00944536154824
49,0.182535927603,0.135233202662,0.0268023114888,0.208167138512,0.0684251790747,0.0867080243932,0.277298420234,0.00539073489602,0.00943906113638
50,0.000160323823599,0.00106946978905,0.00688674019162,9.82804964938e-08,0.00112231416615,1.88073906215e-05,9.82804964938e-08,0.00793728090304,0.982804867175
51,0.167212691861,0.154530792805,0.0344412046307,0.100944856584,0.0821054547694,0.077910889743,0.365791264694,0.00633464730595,0.0107281976074
52,0.182575925525,0.135281134199,0.0268132207599,0.208027955412,0.0684494427737,0.0867297689262,0.277285435225,0.00539340317552,0.00944371400355
53,0.058306130842,0.150772222485,0.0564310256404,0.00134821525293,0.0994628888163,0.0257702789609,0.590545273931,0.00703703985954,0.0103269242125
54,0.135237747717,0.00228854829195,0.0212574499404,0.47890412296,0.191300939047,0.151919823635,1.32840013815e-07,0.00721991377588,0.0118713217925
55,0.182555941192,0.135257182459,0.0268077697045,0.208097501328,0.0684373182936,0.0867189054659,0.277291922497,0.0053920698774,0.00944138918215
56,0.0781082444424,0.22234580405,0.0340386210901,0.000512074904446,0.0832559475579,0.0425490080389,0.515399020738,0.00853420082206,0.0152570783561
57,0.182486167162,0.135173611243,0.0267887440895,0.208340234309,0.0683950099395,0.0866809629907,0.277314579802,0.0053874168488,0.00943327361432
58,0.182575925525,0.135281134199,0.0268132207599,0.208027955412,0.0684494427737,0.0867297689262,0.277285435225,0.00539340317552,0.00944371400355
59,0.181307640264,0.133766727229,0.0264455193858,0.211181444629,0.067489039346,0.0860887378256,0.279128376391,0.00530266226434,0.00928985266542
60,0.182183327547,0.143386204512,0.0277945488626,0.128932606381,0.0716445768699,0.088990738828,0.342237766845,0.0054421440412,0.00938808611309
61,0.202172942382,0.161405349315,0.0117065620216,0.467423338942,0.0115361411817,0.125502406277,1.32507300102e-07,0.007662049977,0.0125910773971
62,0.181220317874,0.134312421604,0.0265500401987,0.208662817667,0.0682327348283,0.0857535579792,0.280651636187,0.0053148418285,0.00930163183402
63,0.182575925525,0.135281134199,0.0268132207599,0.208027955412,0.0684494427737,0.0867297689262,0.277285435225,0.00539340317552,0.00944371400355
64,0.182267808435,0.135812568509,0.0265497185983,0.205508677159,0.0678527521098,0.0863865121055,0.280761484955,0.00539659155059,0.00946388657817
65,0.174510771314,0.173078137761,0.0308275945711,0.0654233134599,0.0800542717165,0.093071256055,0.364919289443,0.00678090742392,0.0113344582558
66,0.182394376152,0.135513541254,0.0266732218587,0.206865490192,0.0681333237351,0.0865428740301,0.279033512294,0.00539312420155,0.00945053628311
67,0.195719075544,0.143364982582,0.0285546228839,0.231869630485,0.0665687131676,0.0899211008845,0.227545163512,0.0057396552194,0.0107170557217
68,0.143854405032,0.104587541793,0.0235708134573,0.24223020369,0.0569461644497,0.0657975543488,0.349355239701,0.00495478152809,0.00870329599966
69,0.18222718536,0.134899566642,0.0267235937334,0.209113514835,0.0682590161765,0.0865479262015,0.277457836102,0.00537183479296,0.00939952615602
70,0.267994187356,0.112014236906,0.0341410620639,0.403315263976,0.0568586588493,0.0912171377335,0.0154239558384,0.00680058469045,0.0122349125859
71,0.180444028132,0.153245950673,0.028885687398,0.157590238296,0.0721119011364,0.0996027424415,0.29195299592,0.00605325103255,0.0101132049718
72,0.182266002867,0.136399240155,0.0264325088258,0.203990315239,0.0678799020171,0.0858816613107,0.282222234674,0.00542776614612,0.00950036876603
73,0.182538019074,0.13523529266,0.0268028423255,0.208161879056,0.0684263582462,0.0867091247761,0.277296348426,0.00539085779294,0.00943927764431
74,0.166893488709,0.156045528956,0.0323982371152,0.0896600431001,0.0776913355541,0.0625946642552,0.397339381367,0.00626993029846,0.0111073906459
75,0.182575126712,0.135280176667,0.0268130028549,0.2080307355,0.0684489580769,0.0867293347253,0.277285694515,0.00539334987586,0.00944362107249
76,0.181208759461,0.13444053592,0.0262171817691,0.210966559563,0.0671556809455,0.0857146988219,0.279628969494,0.00532124605078,0.00934636797464
77,0.183452294891,0.13564106433,0.0269917707435,0.208367510007,0.068932880947,0.08726085326,0.274421315668,0.00542794134783,0.00950436880482
78,0.0970692036315,0.160922055928,0.0263197728708,0.0214410769807,0.00444158778776,0.0178915239283,0.656117669477,0.00495916688421,0.0108379425114
79,0.182575126712,0.135280176667,0.0268130028549,0.2080307355,0.0684489580769,0.0867293347253,0.277285694515,0.00539334987586,0.00944362107249
80,0.182552669997,0.135113782901,0.0267822888147,0.209963077994,0.0683921655293,0.0866338660299,0.27573116047,0.0053862187515,0.00944476951265
81,0.000972674720766,0.115219643932,0.00863030237761,8.34430258261e-08,0.0343150749849,0.00115764633709,0.834430175133,0.00464346278961,0.000630936282397
82,0.180550398412,0.148273248103,0.0293567204553,0.151575212317,0.0736209247961,0.0946951911647,0.305692085542,0.00589574277267,0.0103404764374
83,0.182575925525,0.135281134199,0.0268132207599,0.208027955412,0.0684494427737,0.0867297689262,0.277285435225,0.00539340317552,0.00944371400355
84,0.245218563386,0.0578620848751,0.041970719342,0.366749083556,0.132677389479,0.133441193115,0.000125841247783,0.00795973144677,0.0139953935525
85,0.165937538925,0.138408179135,0.0237216993956,0.207164533874,0.0694362321585,0.0821700136076,0.300599378194,0.00546083241589,0.00710159229317
86,0.182124055671,0.134741554433,0.0266900839804,0.209596113003,0.0681759292937,0.0864836524656,0.277434102294,0.00536332442113,0.00939118443798
87,0.181943826321,0.134395388285,0.0266143377337,0.212053031046,0.0680231779748,0.0862779214376,0.27597362791,0.00534577855486,0.00937291073725
88,0.246939566596,0.110064682122,0.0368150402321,0.334738011808,0.106032794204,0.121333771737,0.0239115554734,0.00728268477773,0.0128818930498
89,0.119407216931,0.0011983224396,0.0192677369144,0.495213528661,0.199458364703,0.147523746571,1.26222360863e-07,0.00679718449746,0.0111337730598
90,0.182356303005,0.138260341592,0.0271712295117,0.198213619659,0.0691013639236,0.088838786231,0.281004712703,0.00550298032167,0.00955066305262
91,0.176067079317,0.139733901508,0.0284787565886,0.117784576941,0.0702378330328,0.0934541585569,0.358523675306,0.00570874113747,0.010011277613
92,0.188675383066,0.116254130604,0.027306453916,0.333722780155,0.0685266877199,0.0729543676239,0.177380758894,0.00551554504909,0.00966389297153
93,0.181069881573,0.133467345077,0.0264033217056,0.213453196816,0.0675297476296,0.0858854949109,0.277631642079,0.00529249993961,0.00926687026992
94,0.188675383066,0.116254130604,0.027306453916,0.333722780155,0.0685266877199,0.0729543676239,0.177380758894,0.00551554504909,0.00966389297153
95,0.111494217967,0.146811456921,0.0142254436436,0.221741832618,0.0713612132063,0.0684123892925,0.357406628211,0.00593146749233,0.00261535064826
96,0.161194157269,0.136881607502,0.0267522646925,0.209261461612,0.0685531709669,0.0835189233322,0.299656438883,0.00532741845335,0.00885455728953
97,0.180855218892,0.133243639663,0.0263466486175,0.213982609357,0.06741561461,0.0857877549552,0.277844836509,0.00527951631246,0.00924416108349
98,0.181073409889,0.136036384214,0.0265042357796,0.202147855578,0.0680205436307,0.0859885743309,0.285483625015,0.00538889462346,0.00935647693939
99,0.00594497962188,0.247845377993,0.0126657496361,1.67468881944e-07,0.121453224096,0.00856148040384,0.581524036382,0.00867459488422,0.0133303895143
100,0.182453275177,0.134677631914,0.0267142819921,0.214313009242,0.0682580313968,0.0864079656937,0.272329481104,0.00536927689264,0.00947704658703
101,0.20464039208,0.128969786333,0.0319185891667,0.267937731881,0.0807227980168,0.0980220845254,0.171176277515,0.00603893046968,0.0105734100124
102,0.182386575119,0.134243727672,0.0266209509982,0.219751698691,0.0680880497518,0.0861326010766,0.267979916981,0.0053489907497,0.00944748895966
103,0.174479659325,0.140556092799,0.0239437961581,0.172381319975,0.0626489155178,0.0814931199141,0.329891430132,0.00536420854644,0.00924145763267
104,0.185823804713,0.137851589395,0.0263316125463,0.206372809698,0.0706962796435,0.080144087447,0.277633711141,0.00554804445561,0.00959806095995
105,0.251883446544,0.0325671992389,0.0359866257767,0.424211154846,0.125483782077,0.0977619525268,0.012908660661,0.00630239495553,0.0128947833746
106,0.115467266625,0.157635060301,0.0106777445251,1.23444835553e-05,0.0367498777053,0.0530471494246,0.623138046522,0.00173518795883,0.00153732245516
107,0.18223066878,0.134870723253,0.026719372276,0.209240654686,0.068243676834,0.0865298365936,0.277391842433,0.00537029318086,0.00940293196443
108,0.184774802951,0.14832039504,0.0282136285122,0.149856882139,0.0742535698552,0.0889252223896,0.309853151725,0.00587790288783,0.00992444449961
109,0.241726939294,0.151636066048,0.0307746975986,0.148437037377,0.0588716140306,0.117776166312,0.231359046164,0.00696550255928,0.0124529306152
110,0.160495364845,0.118757267998,0.0215130873755,0.27047267136,0.0554551586198,0.0745458398285,0.286869367486,0.0042060149069,0.00768522758021
111,0.171538269112,0.0885424134041,0.0227942417811,0.560322742906,0.0583550491847,0.0720865487797,0.0123820456857,0.00506169572796,0.00891699341785
112,0.0830313888883,0.153643860012,0.0248751193156,0.00654169382996,0.0975670447559,0.051158366005,0.57670029479,0.00591980081354,0.000562431590237
113,0.245824162393,0.0617526334931,0.0417083914268,0.364304222588,0.130899660399,0.133403011684,0.000176995979787,0.0079582232592,0.0139726987775
114,0.182411572521,0.135084735043,0.0267683387643,0.208603790834,0.0683498214012,0.0866397876049,0.277334952171,0.00538244359537,0.00942455806466
115,0.182575925525,0.135281134199,0.0268132207599,0.208027955412,0.0684494427737,0.0867297689262,0.277285435225,0.00539340317552,0.00944371400355
116,0.182472756397,0.135019712143,0.0267611669237,0.210235717532,0.0683448271665,0.0865903700446,0.275758538159,0.00538108737758,0.00943582425594
117,0.181069881573,0.133467345077,0.0264033217056,0.213453196816,0.0675297476296,0.0858854949109,0.277631642079,0.00529249993961,0.00926687026992
118,0.17718794715,0.13537562293,0.0272513148688,0.179397725623,0.0633736684274,0.0856392773411,0.317462111159,0.00504261143507,0.00926972106496
119,0.182408752294,0.141035056669,0.0275682247824,0.190875687063,0.0699145928138,0.0912955163141,0.28162865232,0.00561514207678,0.00965837566691
120,0.13088113384,0.14767874881,0.0193751199003,0.190860141698,0.0716345336071,0.0751788866893,0.354462090281,0.00567896372462,0.00425038145031
121,0.175261645066,0.137006574464,0.0279345333618,0.130235132461,0.0673844595835,0.0883967859914,0.359896953744,0.00505403478723,0.00882988053998
122,0.0133354913863,0.227847883781,7.4589019916e-06,2.52050627041e-06,0.10048098552,0.00276454179412,0.655510631745,4.48520987668e-05,5.63426595731e-06
123,0.182647308362,0.136262529929,0.0269413744696,0.203368842529,0.0687855242263,0.0870959637199,0.27999008286,0.00542716830059,0.00948120560333
124,0.254820293205,0.145972697961,0.0355814015289,0.349855732219,0.0569200799605,0.0985480685382,0.0477031933232,0.00700934303462,0.00358919022896
125,0.182810734111,0.135237575069,0.0267952519544,0.211096859127,0.0682664294493,0.0866627612642,0.274266703399,0.00538881737405,0.00947486825197
126,0.184574530655,0.14715367757,0.0290677384208,0.108684398515,0.0739474269708,0.0880002652977,0.352896703083,0.00581445752469,0.00986080196348
127,0.0263817385029,0.130364891169,0.0624417522007,0.000101259328628,0.0967018132085,0.0118242732106,0.657201338513,0.00636895952935,0.00861397433707
128,0.182575925525,0.135281134199,0.0268132207599,0.208027955412,0.0684494427737,0.0867297689262,0.277285435225,0.00539340317552,0.00944371400355
129,0.182556236722,0.135256390229,0.0268016014228,0.208157418271,0.0684340847277,0.0866701401921,0.277292759844,0.00539209027398,0.00943927831764
130,0.165602853215,0.210245852936,0.0184142319613,0.0100854819584,0.0942794463805,0.120663992782,0.369129907963,0.00718531730175,0.00439291550237
131,0.181887132948,0.134459578892,0.0266257990122,0.210419208743,0.0680332311606,0.0863543356724,0.277509428265,0.00534759922695,0.00936368607982
132,0.182545498692,0.135642928396,0.0261626706701,0.209355885004,0.0675567984458,0.0863722422182,0.277777893546,0.00535868299126,0.00922740003739
133,0.180680894902,0.140562188247,0.0272773050898,0.187254251735,0.069418036203,0.0892587159568,0.29041556081,0.00557758755818,0.00955545949869
134,0.246939566596,0.110064682122,0.0368150402321,0.334738011808,0.106032794204,0.121333771737,0.0239115554734,0.00728268477773,0.0128818930498
135,0.180841224984,0.133743473706,0.0263503395795,0.212287263205,0.0675083939835,0.0858389054601,0.278879394006,0.00529852394012,0.00925248113611
136,0.148260215275,0.109388064745,0.0187744034902,0.308774504232,0.0487039164504,0.0678648881082,0.287859988638,0.00360175368565,0.00677226537483
137,0.171731745002,0.159559934497,0.0298693189212,0.109811784449,0.0749695092103,0.0991455791509,0.338349638344,0.00627582776661,0.0102866626586
138,0.19282313931,0.139386182353,0.0282801796968,0.22207420155,0.0730342809566,0.092345859859,0.236325224206,0.00572259616145,0.0100083359062
139,0.188675383066,0.116254130604,0.027306453916,0.333722780155,0.0685266877199,0.0729543676239,0.177380758894,0.00551554504909,0.00966389297153
140,0.232533727522,0.134900012682,0.0343401249401,0.298522386554,0.094006010487,0.114443084431,0.072153996354,0.00694176565651,0.0121588913738
141,0.185864320227,0.137278550298,0.0269399660524,0.209900633964,0.0703430275,0.0808216489213,0.273405787902,0.00564567780059,0.00980038733523
142,0.149106531433,0.00855900256416,0.0198231531152,0.765589375458,0.0406851000438,0.00424048895004,7.2105659809e-05,0.00430943051552,0.00761481226084
143,0.181348076966,0.135806492418,0.0265376772508,0.205578300818,0.0687643747711,0.086476929541,0.280833033582,0.0054134813015,0.00924163335127
144,0.174878841006,0.143528098445,0.0276870983258,0.150373545448,0.0750280141998,0.0844392523826,0.331630968161,0.00566598968711,0.00676819234507
145,0.147655769617,0.151254611134,0.0389536301068,2.45241830819e-07,0.0973820011818,0.00866589780907,0.509862623326,0.0103851201908,0.0358401013918
146,0.179452848648,0.173667167615,0.0179172343931,0.0749195001481,0.0853798613764,0.0875537658785,0.370070930565,0.0048795405445,0.00615915083039
147,0.154360530941,0.136323697037,0.0207418113965,0.236624055062,0.0691811567634,0.0778950616229,0.29361618633,0.00549631990993,0.00576118093665
148,0.0388508906556,0.163323934626,0.0309968083866,0.002570808543,0.0661034866357,0.0629974705316,0.623612491302,0.00515108547077,0.00639302384857
149,0.0982816806454,0.130297980936,0.0367883045995,1.14890418819e-07,0.0954412010524,0.00231287883043,0.587539127393,0.0112282167297,0.0381104949228
150,0.182575126712,0.135280176667,0.0268130028549,0.2080307355,0.0684489580769,0.0867293347253,0.277285694515,0.00539334987586,0.00944362107249
151,0.0999195921226,0.0799203149883,0.0159515815629,0.0781952415186,0.00994523896439,0.0501517746784,0.655474882302,0.00379169466038,0.00664967920236
152,0.1422053896,0.113732002223,0.0278947434975,0.3895909471,0.0670400966676,0.0713718344878,0.173532344897,0.0053958939791,0.00923674754821
153,0.18225785527,0.135269196482,0.0267212238238,0.208776613477,0.0683086656862,0.0864883707728,0.277364977633,0.00538550826148,0.00942758859408
154,0.182575925525,0.135281134199,0.0268132207599,0.208027955412,0.0684494427737,0.0867297689262,0.277285435225,0.00539340317552,0.00944371400355
155,0.0450995556021,0.26697842512,0.0338626438654,2.59865517787e-05,0.0798315923319,0.0408752916959,0.506278548484,0.00993168044484,0.0171162759042
156,0.158628196361,0.152218744801,0.0326722907987,0.0587370091492,0.0747816004857,0.0796133144435,0.427658833515,0.00591622942425,0.00977378102169
157,0.182546433388,0.135249450886,0.0268037737871,0.208117591613,0.0684306090163,0.0867132243077,0.277306927593,0.00539153915664,0.00944045025224
158,0.211668101469,0.141565302053,0.0309819168114,0.250869867103,0.0821712720813,0.102378132383,0.162990983497,0.00631557218464,0.0110588524185
159,0.00780914137229,0.487969274846,5.13614636087e-05,1.80959488808e-07,0.115150195277,0.0514028230309,0.336506656861,0.00110818050289,2.18568748835e-06
160,0.176741483697,0.128180881643,0.0251811297323,0.235321165932,0.0649263952024,0.0831795996502,0.27266643035,0.00500442934104,0.00879848445187
161,0.217395086651,0.136958715872,0.0318725666327,0.263277589784,0.0848509047803,0.104454905512,0.143604194093,0.00638262350417,0.0112034131704
162,0.181095872503,0.133505674998,0.0264329969847,0.213226482582,0.0675978171512,0.0858483121366,0.27773386345,0.00529339739752,0.00926558279865
163,0.247557536215,0.107725994563,0.0368227884011,0.33841685761,0.106778782797,0.12182163495,0.0207142302888,0.00728160154359,0.0128805736316
164,0.184041920865,0.135124941572,0.0267291566584,0.207566003015,0.0670786579431,0.0878158506488,0.276777945986,0.00539895697881,0.00946656633297
165,0.189509141619,0.13462459635,0.0273970087316,0.25591692773,0.0700720627638,0.0887250446137,0.218432879727,0.00556721494882,0.00975512351594
166,0.182575925525,0.135281134199,0.0268132207599,0.208027955412,0.0684494427737,0.0867297689262,0.277285435225,0.00539340317552,0.00944371400355
167,0.14472727437,0.156990499362,0.0285752124522,0.0567780557136,0.0881293226886,0.0745086114548,0.44110075936,0.00613693663914,0.00305332796021
168,0.182493793407,0.134443906914,0.0266625606761,0.211812586851,0.068337755726,0.0866160341668,0.274866514505,0.00536404839111,0.00940279936428
169,0.158628196361,0.152218744801,0.0326722907987,0.0587370091492,0.0747816004857,0.0796133144435,0.427658833515,0.00591622942425,0.00977378102169
170,0.185727468359,0.136383578501,0.0272473025287,0.214261671245,0.0698221469592,0.0883629544252,0.263082387776,0.00548947414497,0.00962301606072
171,0.25542827136,0.150040763673,0.0338942235995,0.39307802174,0.0426201745396,0.0897215206205,0.0206575717323,0.00682549421573,0.00773395851965
172,0.002292156927,0.227223048226,0.0200008745082,1.51760779073e-07,0.0384330807368,0.00198499022308,0.686713744771,0.00807607918744,0.0152758736595
173,0.217155382734,0.136969257288,0.0318305004352,0.26292626348,0.0847260696477,0.104328191017,0.144499110905,0.00637509047064,0.0111901340224
174,0.230478441573,0.15629944591,0.0303058338955,0.411337770519,0.0381946287982,0.0821076071883,0.0269876057716,0.00622315233623,0.0180655140084
175,0.17918827166,0.134441140502,0.0266181590574,0.190259415486,0.0674407344973,0.0861018733194,0.301648498135,0.0052343115948,0.00906759574868
176,0.164044145169,0.143664758205,0.0118703316178,0.133124206413,0.074403297682,0.0618041144684,0.40354112794,0.00286543267641,0.00468258582909
177,0.188675383066,0.116254130604,0.027306453916,0.333722780155,0.0685266877199,0.0729543676239,0.177380758894,0.00551554504909,0.00966389297153
178,0.166893488709,0.156045528956,0.0323982371152,0.0896600431001,0.0776913355541,0.0625946642552,0.397339381367,0.00626993029846,0.0111073906459
179,0.142149182214,0.10543660468,0.0170980681242,0.325287136902,0.0447154306271,0.0643266795197,0.291459619878,0.00326119787158,0.00626608018321
180,0.0369754357535,0.211191790071,0.00292215260488,0.00853629753266,0.0570109029385,0.0167822114071,0.663599501445,0.00155824231649,0.00142346593041
181,0.182535927603,0.135233202662,0.0268023114888,0.208167138512,0.0684251790747,0.0867080243932,0.277298420234,0.00539073489602,0.00943906113638
182,0.180742916237,0.140703209001,0.028178149323,0.168133650835,0.0702104131566,0.0865856234139,0.310082092432,0.00556605899955,0.00979788660321
183,0.182647308362,0.136262529929,0.0269413744696,0.203368842529,0.0687855242263,0.0870959637199,0.27999008286,0.00542716830059,0.00948120560333
184,0.141913499304,0.150732993385,0.00567237985226,0.0564707318968,0.0784817301191,0.0447898458787,0.517921551663,0.00170109790179,0.00231616999959
185,0.1422053896,0.113732002223,0.0278947434975,0.3895909471,0.0670400966676,0.0713718344878,0.173532344897,0.0053958939791,0.00923674754821
186,0.19282313931,0.139386182353,0.0282801796968,0.22207420155,0.0730342809566,0.092345859859,0.236325224206,0.00572259616145,0.0100083359062
187,0.19282313931,0.139386182353,0.0282801796968,0.22207420155,0.0730342809566,0.092345859859,0.236325224206,0.00572259616145,0.0100083359062
188,0.191144051869,0.145024202376,0.0288410455406,0.153457720369,0.074252671869,0.0859544828657,0.305562270764,0.00586423068632,0.00989932365989
189,0.179213462209,0.172455940788,0.030745534484,0.0575515815643,0.0870531328289,0.0899455371629,0.36455809154,0.00675952639157,0.0117171930307
190,0.241476710981,0.155665859917,0.0340555250146,0.302610407952,0.0625507136483,0.0989724284265,0.0901716552193,0.00679101885959,0.00770567998217
191,0.236174985617,0.126204152016,0.0347865695688,0.319181968064,0.0968521875822,0.115528984142,0.0519654166945,0.00697416367956,0.0123315726356
192,0.182575925525,0.135281134199,0.0268132207599,0.208027955412,0.0684494427737,0.0867297689262,0.277285435225,0.00539340317552,0.00944371400355
193,0.237738031664,0.125410998533,0.0355115571952,0.303861398563,0.098119561817,0.115502411408,0.0643521174284,0.00705516178708,0.0124487616053
194,0.188675383066,0.116254130604,0.027306453916,0.333722780155,0.0685266877199,0.0729543676239,0.177380758894,0.00551554504909,0.00966389297153
195,0.182575925525,0.135281134199,0.0268132207599,0.208027955412,0.0684494427737,0.0867297689262,0.277285435225,0.00539340317552,0.00944371400355
196,0.233783912431,0.142863986023,0.0336891437053,0.296214049948,0.0943344536082,0.117404930617,0.0622114492192,0.00710657085446,0.0123915035938
197,0.0829546122738,0.0778320296044,0.0267229444312,0.629652249412,0.0585458263911,0.048984298726,0.0620776811841,0.00500458410722,0.00822577387011
198,0.182392753617,0.148908317022,0.0285621853707,0.145457121707,0.0730433042021,0.0918150475968,0.313994029252,0.0058778165785,0.00994942465345
199,0.181309880996,0.133858571716,0.0262859885106,0.206619069605,0.0668503198833,0.0860985055159,0.284424662555,0.00528245414014,0.00927054707789
200,0.181931411156,0.135270368379,0.0267009378346,0.206441744621,0.0682635276916,0.0864797802563,0.280156460922,0.00537764874366,0.00937812039639
201,0.235508793314,0.188365560949,0.0204552339113,0.0212901444105,0.0652462582276,0.118209567415,0.287408435742,0.0478407107364,0.0156752952939
202,0.182575925525,0.135281134199,0.0268132207599,0.208027955412,0.0684494427737,0.0867297689262,0.277285435225,0.00539340317552,0.00944371400355
203,0.267994187356,0.112014236906,0.0341410620639,0.403315263976,0.0568586588493,0.0912171377335,0.0154239558384,0.00680058469045,0.0122349125859
204,0.150340006271,0.157960067074,0.0287602898192,0.0464148423354,0.0876141615552,0.0762474231376,0.442883046884,0.00620362011072,0.00357654281292
205,0.189077926023,0.148125093168,0.0269741197804,0.161323014718,0.069832778227,0.0883812372645,0.300578249316,0.00571297978722,0.00999460171614
206,0.00387581179517,0.211847143541,0.0187550351145,1.44849329776e-07,0.0118722511918,0.0931279059678,0.640703919205,0.00616441556884,0.0136533727667
207,0.182496474971,0.135186487032,0.0267914304399,0.208303258596,0.0684012575303,0.0866861435843,0.277312413521,0.00538810099756,0.00943443332676
208,0.187810525112,0.141979062103,0.0269729888632,0.192129367663,0.0725916530516,0.0831029476522,0.280118074423,0.00582097468492,0.00947440644821
209,0.182488685558,0.136526786554,0.0268080641043,0.202119437857,0.0684835610604,0.0869214727091,0.281732231454,0.00542864922341,0.00949111147874
210,0.140142386332,0.177531643391,0.00601145962234,0.007436282028,0.0866681075239,0.0630412984616,0.515013739273,0.00232061838862,0.00183446497997
211,0.00406632506606,0.000993388992192,0.0198770677287,0.0131223840764,0.158572485578,0.00521722377717,0.0190291968312,0.0384004384868,0.740721489463
212,0.186816536255,0.144407083915,0.0269225330778,0.173498760162,0.0717524187271,0.0913538559065,0.29016132199,0.0057430739651,0.00934441600122
213,0.185814304414,0.139468289888,0.0275785041632,0.167908307969,0.0705244554634,0.0879385787486,0.305616574514,0.00552303165862,0.00962795318136
214,0.177958377354,0.132415304062,0.0257460022241,0.215539257532,0.0665755636525,0.0850164120148,0.282424925133,0.00520913062258,0.00911502740459
215,0.182149513431,0.135249380923,0.0266095053037,0.20763690851,0.0679957275135,0.0864165628601,0.279140653527,0.00537806998559,0.00942367794768
216,0.183452294891,0.13564106433,0.0269917707435,0.208367510007,0.068932880947,0.08726085326,0.274421315668,0.00542794134783,0.00950436880482
217,0.104099549765,0.166666580523,0.0236943189882,8.27310019536e-05,0.0614696515636,0.0818187541355,0.551287221193,0.00589385572803,0.00498733710194
218,0.141913499304,0.150732993385,0.00567237985226,0.0564707318968,0.0784817301191,0.0447898458787,0.517921551663,0.00170109790179,0.00231616999959
219,0.181679166343,0.135738413218,0.0266282853378,0.204491511554,0.0681940488888,0.0862871933906,0.282198920061,0.00539087586359,0.0093915853419
220,0.151207639135,0.167012680517,0.0318961159316,0.035550122316,0.0854364129938,0.0907372686144,0.420260012376,0.00658861605512,0.0113111320614
221,0.181094512425,0.14195339669,0.0294673627334,0.161728319898,0.079424377854,0.0877943876187,0.305484661034,0.00592906211786,0.00712391962825
222,0.182575925525,0.135281134199,0.0268132207599,0.208027955412,0.0684494427737,0.0867297689262,0.277285435225,0.00539340317552,0.00944371400355
223,0.228885994077,0.135118483,0.0338401741851,0.293638642443,0.0917052261893,0.111764057259,0.0863544210741,0.00678837154205,0.0119046302307
224,0.183784500685,0.135083165539,0.0269858927557,0.21156143031,0.0689897606454,0.0873279309443,0.271359671336,0.00541892160522,0.00948872617964
225,0.182325068563,0.135022453896,0.0267511353496,0.20875192138,0.0683216971782,0.0866024787505,0.277436337781,0.00537862254525,0.00941028455611
226,0.0305539951967,0.155657480089,0.0222331170408,7.72264802266e-07,0.0341088863868,0.0628987492573,0.67961656502,0.00541156433392,0.00951887041069
227,0.188798417312,0.149141934449,0.0265831638315,0.107480334728,0.0752421225531,0.0887153134545,0.349323560417,0.00554363628073,0.00917151697513
228,0.182131606298,0.136549209847,0.026440713185,0.205248844619,0.0680499927911,0.0854788036325,0.281157148431,0.00543456385258,0.00950911734382
229,0.186955615086,0.14152834986,0.0279463902495,0.161048582685,0.07136949035,0.0886153617516,0.307114718004,0.00562985838665,0.00979163362771
230,0.228580863998,0.1360608693,0.0338012620337,0.290363660929,0.0914689046265,0.111585274188,0.0894363221849,0.00679209574832,0.011910746992
231,0.182574324993,0.135279210034,0.026812783322,0.208033591547,0.0684484705503,0.0867288951965,0.277285900413,0.00539329621719,0.009443527728
232,0.182186213088,0.134818052068,0.026706961828,0.209407747809,0.0682150092567,0.0865146876952,0.277385562301,0.00536757763313,0.00939818832159
233,0.181348076966,0.135806492418,0.0265376772508,0.205578300818,0.0687643747711,0.086476929541,0.280833033582,0.0054134813015,0.00924163335127
234,0.245824162393,0.0617526334931,0.0417083914268,0.364304222588,0.130899660399,0.133403011684,0.000176995979787,0.0079582232592,0.0139726987775
235,0.18222773834,0.140230704896,0.0275452672553,0.187496912607,0.0693056456748,0.0896333772843,0.288219879739,0.00556677591439,0.00977369828967
236,0.181358477702,0.1362612382,0.0263646084964,0.201987300145,0.0675943911451,0.0859390787426,0.285690300345,0.00539366048221,0.00941094474158
237,0.176067079317,0.139733901508,0.0284787565886,0.117784576941,0.0702378330328,0.0934541585569,0.358523675306,0.00570874113747,0.010011277613
238,0.149700383253,0.00602662637818,0.0220448003953,0.491670264632,0.164645803048,0.146538881477,1.32188967916e-07,0.00730251289706,0.0120705957314
239,0.18135323948,0.133828131652,0.0264811426598,0.212265848663,0.0677128090677,0.086061942822,0.277682782126,0.00531229900388,0.00930180452549
240,0.183404035656,0.000217042824048,0.00821929703172,0.780163530606,0.00600946976864,0.0204999190662,9.30323142326e-08,0.00148651898254,9.30323142326e-08
241,0.0593967270673,0.160272387439,0.00733189025388,0.0852597851232,0.0726502322342,0.0487165499085,0.560033357596,0.00583578043799,0.000503289939891
242,0.184864405374,0.145849159398,0.0267423363354,0.16156844568,0.0718288496381,0.0911575908967,0.303228542256,0.00576041111599,0.0090002593052
243,0.182447527389,0.152088962981,0.0342757713199,0.000120889794475,0.0389817171641,0.0915739174177,0.491879985994,0.00378201567079,0.00484921226978
244,0.179817022163,0.132290355234,0.0260987362052,0.216864527893,0.0668965318398,0.0852948959065,0.27837253806,0.00522381766914,0.00914157502965
245,0.17917832703,0.131369713458,0.025917198918,0.21942811397,0.0664193257298,0.0848666258935,0.278596956578,0.00517117680942,0.00905256161299
246,0.181982835397,0.136457794355,0.0268013621537,0.202864701452,0.0688181295921,0.086453929547,0.281997206464,0.00542905018844,0.00919499085158
247,0.232208014131,0.129030779963,0.033551007682,0.31538698551,0.0923922198237,0.113258377957,0.0658946642589,0.00665147072535,0.0116264799484
248,0.179893417657,0.132690490654,0.0261194874325,0.215428037661,0.0669297507991,0.0852884108609,0.279258494342,0.00524020179255,0.00915170880084
249,0.17780172073,0.136568406848,0.0270793520646,0.207031372579,0.0674130165638,0.0850717174886,0.284080301018,0.00543515941703,0.00951895329175
250,0.181592867089,0.137833368377,0.0257217027367,0.197523496853,0.0661898437635,0.0850361548172,0.291084833084,0.00543762469022,0.00958010858983
251,0.182478928808,0.135164946434,0.0267867709402,0.208365408158,0.0683906229546,0.086677025644,0.277316930901,0.00538693432973,0.00943243182978
252,0.180474775151,0.13365851134,0.025982044416,0.215775667847,0.0666544906218,0.0851803501984,0.277624226788,0.00528967567787,0.00936025795983
253,0.178934682077,0.141668054652,0.0274749971141,0.171527948369,0.0724154468272,0.0860541131733,0.308413097079,0.00562005593683,0.00789160477188
254,0.182575925525,0.135281134199,0.0268132207599,0.208027955412,0.0684494427737,0.0867297689262,0.277285435225,0.00539340317552,0.00944371400355
255,0.140577387801,0.127649269195,0.0247752821116,0.13950508187,0.0489419191964,0.0775215433038,0.428150835742,0.00436535082636,0.00851332995472
256,0.248505889764,0.0992298908767,0.0369265233424,0.349960591107,0.110470928243,0.124328423632,0.0100801172103,0.0074027830779,0.0130948527463
257,0.181662985997,0.134217777775,0.0265545812657,0.21110940254,0.0678925745534,0.0862244288153,0.277666511636,0.00533323554256,0.00933850187558
258,0.125711018229,0.104060134009,0.0278404162008,0.460177059326,0.0653662372938,0.0648833754429,0.137649548115,0.00531646520584,0.00899574617751
259,0.182575925525,0.135281134199,0.0268132207599,0.208027955412,0.0684494427737,0.0867297689262,0.277285435225,0.00539340317552,0.00944371400355
260,0.228580863998,0.1360608693,0.0338012620337,0.290363660929,0.0914689046265,0.111585274188,0.0894363221849,0.00679209574832,0.011910746992
261,0.182575925525,0.135281134199,0.0268132207599,0.208027955412,0.0684494427737,0.0867297689262,0.277285435225,0.00539340317552,0.00944371400355
262,0.254820293205,0.145972697961,0.0355814015289,0.349855732219,0.0569200799605,0.0985480685382,0.0477031933232,0.00700934303462,0.00358919022896
263,0.182488697589,0.135197964534,0.0267923756235,0.208155498708,0.0684042414132,0.0866928107096,0.277445215353,0.00538841887099,0.00943477719811
264,0.00114764333165,0.230487389475,0.0179347724476,1.52265568008e-07,0.0328157277357,0.00120846419294,0.693310134299,0.00804036994761,0.0150553463052
265,0.225190969347,0.132613650701,0.0333212364735,0.282492195948,0.0895002937858,0.108254586887,0.110398384322,0.0066017322455,0.0116269502902
266,0.182233539863,0.137327815651,0.0270922251711,0.194076315865,0.0692165815555,0.0877641068029,0.287305137686,0.00544498310637,0.00953929429977
267,0.000677939262559,0.0116859519393,0.0255759773121,4.37357409562e-08,0.0540918963827,4.37357409562e-08,0.418517461308,0.0561083942404,0.433342292084
268,0.180947400396,0.133375441286,0.026388672593,0.215301388445,0.0674127460529,0.0856521350362,0.276362273974,0.0052870564878,0.00927288572862
269,0.182575925525,0.135281134199,0.0268132207599,0.208027955412,0.0684494427737,0.0867297689262,0.277285435225,0.00539340317552,0.00944371400355
270,0.230513590367,0.132676322261,0.0476618365134,0.247472327073,0.113765913467,0.145506711395,0.0602093029459,0.00855145841648,0.0136425375621
271,0.14625233598,0.168997687895,0.00725070475718,0.0416120009979,0.0850311964141,0.0563423531721,0.489341257781,0.00237512919727,0.00279733380565
272,0.17036222111,0.118629633877,0.0224181756558,0.204460979098,0.0546120854288,0.0815445507137,0.336077610987,0.00427078936125,0.00762395376882
273,0.182278612943,0.135434938323,0.0267517313906,0.206846406683,0.0683649677575,0.0865829688009,0.278921343493,0.00539262037545,0.00942641023269
274,0.104787614156,0.154935849837,0.0351680863107,0.0327510051028,0.0814515727411,0.0275182559579,0.546945936109,0.00622933771331,0.0102123420722
