ID,class1,class2,class3,class4,class5,class6,class7,class8,class9
0,0.00691846932613,0.0131832116116,0.0124400069194,0.861107648252,0.0352989543473,0.030143827043,0.0214757439421,0.0041140102571,0.0153181283012
1,0.0944952688486,0.0926357858857,0.0170446162662,0.0354121409069,0.135380699517,0.0214987839535,0.588815231885,0.0144457152466,0.000271757490319
2,0.518465691734,0.112484704686,0.00361767994515,0.225044463152,0.00746506625971,0.125598293144,0.00119501681122,0.00496704436792,0.00116203989854
3,0.0596023168114,0.0475294514609,0.0354991380234,0.230268923166,0.0486100285205,0.00448332405839,0.565235831431,0.00874602629493,2.49602333227e-05
4,0.286181218575,0.204702415137,0.0163550909598,0.0479150221116,0.0276045578998,0.00602974940932,0.390240101538,0.00900661923021,0.0119652251398
5,0.367156963781,0.0229278894934,0.0235783580038,0.469543866221,0.055143470821,0.0204150764753,0.0374522097976,0.00329738375721,0.000484781649339
6,0.0642598669912,0.0177250253752,0.0147425713136,0.802317024278,0.0496615547048,0.0304148932452,0.019913916105,0.000964992511603,1.554759057e-07
7,0.0189846712514,0.132237167639,0.0229042312976,0.0886662563955,0.0574055126637,0.108030708335,0.554049313345,0.0131960712472,0.00452606782508
8,0.0544846350469,0.0304182900273,0.0796038966997,0.716821143013,0.033751086688,0.0411770986514,0.0402533828854,0.00193509083495,0.00155537615289
9,0.211936976103,0.177193136977,0.0249627345855,0.180428442371,0.0271966367247,0.136156465775,0.240041634104,0.00166940608893,0.000414567271184
10,0.0855034266246,0.231698452934,0.00584566299834,0.0638966295722,0.0272920723736,0.0125634296179,0.56992470879,0.00326873826141,6.87882763945e-06
11,0.121650760987,0.00506218916653,0.0244502891747,0.0795719076048,0.326117860079,0.438546313273,0.00405017859183,0.000549424838868,1.0762843098e-06
12,0.0520418485226,0.0383079514742,0.0614191664167,0.75795857592,0.0333041738231,0.0163228739761,0.0361449677559,0.00314678282938,0.00135365928238
13,0.0471502221729,0.129892243658,0.0100469765587,0.281279098773,0.0656931355497,0.0426106744287,0.415487286562,0.00335830489703,0.00448205739991
14,0.000968109834657,0.495908573519,0.0307676658015,0.0151482608465,0.00560268914347,0.0495107106772,0.400683464611,0.00141033790556,1.8766124516e-07
15,0.281754272495,0.00487256252804,0.00067197888936,0.0220885503736,0.112672709908,0.577609081083,0.000281933502155,2.65638877937e-05,2.23473330575e-05
16,0.0544846350469,0.0304182900273,0.0796038966997,0.716821143013,0.033751086688,0.0411770986514,0.0402533828854,0.00193509083495,0.00155537615289
17,0.370712434524,0.00857219924942,0.000604435926792,0.535405422062,0.0465454174388,0.0327391193017,0.000548669704032,0.00296250003937,0.00190980175346
18,0.0261873683803,0.0225601130887,0.0419803869634,0.798224334104,0.0350065944063,0.0372860352486,0.0323245419023,0.00263141033589,0.00379921557042
19,0.202323278814,0.0219026644907,0.0134009010522,0.619593835072,0.0515043175315,0.062789866148,0.0241569300514,0.0033198514277,0.00100835541186
20,0.367175108552,0.219903153124,0.00555409966999,0.274400234489,0.0106082232346,0.0565186039479,0.0608355631557,0.00480954393596,0.000195469891666
21,0.0329771308988,0.339417528004,0.00409596018514,0.0316404978776,0.0294830952255,0.00759761826776,0.554062754565,0.000725296363682,1.18612533946e-07
22,0.050434946747,0.528632128792,0.000899123081869,0.165256776387,0.00820036557163,0.00890077837504,0.226861000013,0.0108147736817,1.073500134e-07
23,0.170968905371,0.0319775809642,0.0987611488289,0.487491017291,0.0418850742668,0.0337544748803,0.130738984954,0.00381664329074,0.000606170152961
24,0.327826777981,0.0640309840114,0.0322603174871,0.213639381166,0.130656766537,0.00228553419169,0.219501271709,0.00905808488735,0.00074088202986
25,0.0868065709409,0.240828599958,0.0611493421096,0.126346241451,0.0864017556217,0.11400159501,0.264162337676,0.0202982205295,5.33670236445e-06
26,0.0751451085826,0.313792071477,0.0146570065069,0.0125165659089,0.145071549516,0.131024182374,0.28958075473,0.0160747182014,0.00213804270322
27,0.0245669505463,0.18752401845,0.0122021966455,0.0853265461605,0.0347091737875,0.164191411171,0.485177317612,0.00629618927708,6.19634891527e-06
28,0.0889320729165,0.127058647047,0.03251659711,0.300941034921,0.0575875852341,0.129891445674,0.261598160499,0.00146458140852,9.87519023185e-06
29,0.0164036874765,0.256469492745,0.0135208000428,0.02040669794,0.0556921092312,0.0216094918918,0.613456856609,0.00204724730653,0.000393616756969
30,0.014485717569,0.29888252738,0.0165788204025,0.0219733163314,0.00609093341272,0.00587974025549,0.587625056262,0.0484271658,5.6722586382e-05
31,0.0830030436367,0.0474958342228,0.0229476990358,0.343251245354,0.197304546009,0.302492542514,0.00276432976771,0.000629342776062,0.000111416683608
32,0.250605247337,0.141571060474,0.015248925907,0.0155804019587,0.018370268311,0.00976252101435,0.505346196908,0.0427504109758,0.000764967114868
33,0.00691846932613,0.0131832116116,0.0124400069194,0.861107648252,0.0352989543473,0.030143827043,0.0214757439421,0.0041140102571,0.0153181283012
34,0.001961217844,0.090808180815,0.0158387782752,0.00484702450415,0.333534362625,0.00895564951284,0.539279490973,0.00460252705061,0.000172768400252
35,0.00534758226395,0.382154579434,0.00310537722868,0.00797300340911,0.0203223227597,0.00290849143931,0.570130518612,0.00805787550681,2.49346429552e-07
36,0.0167703571738,0.389470290959,0.00619229906483,0.087380273937,0.00663141669576,0.0396866214727,0.448673601236,0.00517844624459,1.66932155563e-05
37,0.45100088907,0.0110708712951,0.00534029455528,0.44209497532,0.0257806653887,0.0462827831826,0.0159538249436,0.0022570496085,0.000218646636571
38,0.292571751789,0.00737723797542,0.0373983901576,0.141327470742,0.360525058787,0.155285618615,0.00496195355429,0.000543385087183,9.1332932184e-06
39,0.0763795422905,0.0436943379067,0.117108840339,0.0524798775324,0.0251745760876,0.00571583365638,0.674712543709,0.00311324654933,0.00162120192887
40,0.0266378632362,0.0601032099006,0.00466165619732,0.0572162902165,0.0478149400818,0.0612337079507,0.729214897311,0.00251620611125,0.0106012289951
41,0.000351028157095,0.447742149838,0.00724747072284,0.00525087339072,0.0126316784386,0.0166760427432,0.506808560926,0.00327247508574,1.97206986152e-05
42,0.118060741352,0.445241665325,0.0308236214526,0.0616503706664,0.0172726239591,0.0281086935191,0.274735284658,0.0231172340808,0.000989764986956
43,0.0544846350469,0.0304182900273,0.0796038966997,0.716821143013,0.033751086688,0.0411770986514,0.0402533828854,0.00193509083495,0.00155537615289
44,0.0635723937884,0.101401651883,0.128582292251,0.0657834335462,0.123209148305,0.0264842851359,0.489132763191,0.00181798360284,1.60482967323e-05
45,0.537544616979,0.0366805155376,0.00671890539067,0.276305337682,0.0354032728878,0.0214256493714,0.0269492073444,0.0163369522704,0.0426355425365
46,0.0944952688486,0.0926357858857,0.0170446162662,0.0354121409069,0.135380699517,0.0214987839535,0.588815231885,0.0144457152466,0.000271757490319
47,0.0846873804873,0.0108599200481,0.00813576818416,0.761057837376,0.0549825978968,0.0623544624158,0.0168512872336,0.00107058889684,1.57461726411e-07
48,0.56414480683,0.00691181013398,0.055795531221,0.287247754906,0.0322197916518,0.038753431146,0.00279261348185,0.00343843210518,0.0086958285241
49,0.386820912493,0.161081727412,0.0129181630781,0.172447781123,0.0661915290831,0.0313093468418,0.164418445826,0.00461603503212,0.000196059110808
50,0.19216719282,0.058181102732,0.0364296131756,0.128623276303,0.023893476261,0.0199370373423,0.0867761058502,0.0209546332135,0.433037562303
51,0.00967031057117,0.127585968085,0.0777393121627,0.0544483187767,0.0897054270184,0.00518520583183,0.625299905576,0.00709245091831,0.0032731010597
52,0.0317127931666,0.286912453129,0.013968408228,0.0299836151658,0.0641418188877,0.186590235948,0.306385452578,0.0208756555615,0.0594295673359
53,0.00126941980554,0.227726266094,0.0194711193177,0.0331657304874,0.0378375583171,0.0502551226939,0.622580597502,0.00646101063811,0.00123317514406
54,0.219160626975,0.0084078306029,0.0576107231252,0.138056068453,0.34870167935,0.226268617453,0.00101959699831,0.000771877490515,2.97955203269e-06
55,0.273524160741,0.116576871262,0.0260439942562,0.232126028627,0.162581980783,0.060281039418,0.109582392377,0.0182345163667,0.00104901616965
56,0.0772525400419,0.327927946982,0.0151363925448,0.0268081987382,0.023620612161,0.0503461079786,0.47709857613,0.00180792609829,1.69932553951e-06
57,0.353815056084,0.0349201512223,0.0110002455173,0.55942277958,0.000166273165132,0.00801357790349,0.0325410048237,9.25765486998e-05,2.83351555844e-05
58,0.0353512981716,0.25647548852,0.00649042052702,0.0329793106416,0.0126992495598,0.196331557424,0.454099801389,0.00381667101646,0.00175620274986
59,0.0755402955088,0.0135095300973,0.0158040621802,0.470057167629,0.253669347476,0.0583881236058,0.102479454228,0.00672001912851,0.00383200014642
60,0.0230866530639,0.139044700739,0.059155655941,0.0308840329505,0.112090666723,0.124366787553,0.51018712833,0.00104504531478,0.000139329385212
61,0.127991154631,0.0756290176641,0.0221906009086,0.324446433184,0.0210243472771,0.00203304256251,0.405585994141,0.0125472330548,0.0085521765768
62,0.0146241238779,0.294733768569,0.00652099533829,0.0080089117902,0.0197191414658,0.0660449594259,0.588005688808,0.00231404799502,2.83627299012e-05
63,0.282657616713,0.140357623404,0.0221823050311,0.0724898297016,0.0415669770782,0.0214467623375,0.398009236814,0.0183491947133,0.00294045420628
64,0.263516852897,0.307848328368,0.00190650975853,0.312283452003,0.0250334211496,0.0107956236009,0.0739232392318,0.00443386316304,0.000258709829145
65,0.00349785715714,0.351223440743,0.0149080749878,0.00242205018039,0.17210537491,0.0259521360989,0.427482999567,0.00240555398509,2.51237071803e-06
66,0.300820744745,0.0815844779259,0.00928032424728,0.287901162357,0.157981162505,0.146442661988,0.0152668215446,0.000718579464875,4.06522244479e-06
67,0.181893764786,0.0561202585764,0.000466933372353,0.470143509592,0.00221822429425,0.000735757682664,0.11085472771,0.0012462163113,0.176320607675
68,0.315395954254,0.0546162073181,0.00239846910352,0.494241227448,0.0650888054871,0.0507763430853,0.0161144971933,0.00115879769437,0.000209698416153
69,0.327964415207,0.0269117835568,0.00522110483977,0.383582891904,0.0214379874617,0.0983452280512,0.125875604706,0.00800265210962,0.00265833216438
70,0.45100088907,0.0110708712951,0.00534029455528,0.44209497532,0.0257806653887,0.0462827831826,0.0159538249436,0.0022570496085,0.000218646636571
71,0.547096050874,0.155313398865,0.0026245390078,0.145775572064,0.0034564324771,0.00709772517306,0.1084171198,0.0116730760468,0.0185460856915
72,0.0546624296591,0.314875469267,0.0026419646734,0.0766278784779,0.00115699332575,0.000963146507048,0.542816897526,0.00054914123715,0.00570607932658
73,0.0855207213102,0.0524000333199,0.0276025452509,0.387610004533,0.0657426684722,0.0636945855204,0.31492410484,0.000952868879013,0.00155246787476
74,0.00118580285216,0.246122858747,0.0779981822079,0.0102570947701,0.181074266271,0.0226017832944,0.456375156513,0.00434357415219,4.12811915197e-05
75,0.00168736367202,0.0389581854601,0.000639140204138,0.882994305912,0.0424280580932,0.00211653276241,0.0197474426609,0.00846349358643,0.00296547764907
76,0.420571983253,0.0781060857724,0.0368713694333,0.289345592071,0.0245230461826,0.032323747175,0.11367447114,0.00305858626223,0.00152511871033
77,0.105140987744,0.359109916245,0.00475472277435,0.0210564245253,0.012077198867,0.00328068862574,0.477852712138,0.0165401971261,0.000187151953878
78,0.0560498074204,0.140548813196,0.0223928265416,0.110634484779,0.000683126286197,5.91165017071e-05,0.652631528861,0.000717878683105,0.0162824177311
79,0.447615728697,0.0832022282531,0.0163003381273,0.218951113626,0.0230191953609,0.120439714233,0.0572118761378,0.0259353575978,0.00732444796715
80,0.593205152411,0.0281236967299,0.000506624196187,0.0646243658752,0.0425574322669,0.241457358716,0.0209479155214,0.00148189907708,0.0070955552064
81,0.0443326813272,0.236508308011,0.00362682195674,0.0741675607989,0.0114189804146,0.0384482682916,0.579021624985,0.0118976241008,0.000578130113438
82,0.0591541118396,0.164941994131,0.197910429914,0.118932222862,0.0848907151131,0.139649680166,0.233633775317,0.000856887121144,3.01835370797e-05
83,0.395757865933,0.0519072115977,0.000768022354378,0.403411799336,0.020942131218,0.0510782374077,0.0651807595088,0.0107506580864,0.000203314558275
84,0.322110078398,0.0117160553949,0.0092516898049,0.342768730281,0.0290944945486,0.280445191699,0.0023959758958,0.00219961457568,1.81694016706e-05
85,0.107065820877,0.450796437651,0.046103627345,0.0228006147998,0.109344244482,0.0938194402528,0.167620579567,0.00243629922175,1.29358042255e-05
86,0.220208426753,0.00845170305112,0.0178772873817,0.580411209419,0.0523750516433,0.0977235001858,0.0180693556377,0.00416284936717,0.000720616561901
87,0.314881374196,0.0719863019551,0.00408103559387,0.264156839779,0.0125596377685,0.0355860814576,0.292473083997,0.00405410209988,0.000221543153384
88,0.469998704872,0.00653702756197,0.025946179572,0.125775278656,0.244542543382,0.122994664277,0.00365217606385,0.000531703668094,2.17219473527e-05
89,0.213284939916,0.0105809504049,0.0607230642399,0.157789293894,0.325474239027,0.229616873565,0.00181104508531,0.000715839731926,3.75413730483e-06
90,0.162309754856,0.0679566485436,0.0115387647726,0.597113306254,0.0788799040279,0.00116771976822,0.0767112199211,0.00318921958454,0.00113346227231
91,0.00444419642014,0.20673972619,0.0232783859968,0.0123428600029,0.0557525827417,0.460108379517,0.210385664188,0.0108440575243,0.0161041474191
92,0.361533709476,0.0189316711052,0.0202970614554,0.414230311015,0.0355906000207,0.043383636547,0.0976909155652,0.0083326448309,9.44998369099e-06
93,0.0169552296065,0.0430181600172,0.0158360914754,0.353362478304,0.0150896989233,0.00190369594653,0.548872213666,0.00480487014354,0.000157561917344
94,0.361533709476,0.0189316711052,0.0202970614554,0.414230311015,0.0355906000207,0.043383636547,0.0976909155652,0.0083326448309,9.44998369099e-06
95,0.0103162920011,0.258848865128,0.0382126856427,0.00983727090196,0.172938666134,0.0296915123336,0.477451186593,0.00270070986167,2.8114039067e-06
96,0.136409469915,0.16835556386,0.0122200399508,0.0464886208103,0.112326880205,0.365664496171,0.148488954721,0.00685498376659,0.00319099059984
97,0.278950929172,0.231004973634,0.0155099474688,0.0741548524048,0.0287916935138,0.297896072474,0.070600617422,0.00291905972564,0.000171854184335
98,0.0650555758037,0.395392726899,0.0181646193585,0.0312774635891,0.0161070100422,0.000856547805624,0.462012606613,0.0111315038887,1.94599982781e-06
99,0.0769571885277,0.251634262745,0.0158350470734,0.0857598039283,0.00690416810426,0.0882288298907,0.471861706231,0.00279904555441,1.99479447249e-05
100,0.14194160011,0.0777942839706,0.0195554995031,0.568696358263,0.0227920648805,0.0555597395818,0.0990727117394,0.0113444849291,0.00324325702257
101,0.0391921688846,0.000885144149499,0.210449562046,0.418936095808,0.129928422854,0.199215228547,0.000815789373158,0.000523576371492,5.40119655106e-05
102,0.593711677923,0.104071546894,0.0219259305444,0.0775916151712,0.0491572047141,0.00271141757886,0.112486555037,0.0381084616183,0.000235590519089
103,0.232203151144,0.233592081694,0.00354054596543,0.0603642671802,0.0229494786345,0.0761361498995,0.357504492172,0.0131898859194,0.000519947390885
104,0.0606880499989,0.255224422523,0.00404606165169,0.0584374810211,0.0244648700831,0.0177953257798,0.569887528963,0.00731516801337,0.00214109196642
105,0.405274080046,0.0114500517791,0.0478213591713,0.127521105699,0.288976728895,0.109832163906,0.00829090415539,0.000822340765271,1.12655835456e-05
106,0.0382552226774,0.272994011628,0.00385787413675,0.019250047503,0.0287986071456,0.0468011984007,0.586042792901,0.00399971629757,5.29309948008e-07
107,0.367156963781,0.0229278894934,0.0235783580038,0.469543866221,0.055143470821,0.0204150764753,0.0374522097976,0.00329738375721,0.000484781649339
108,0.0269650511929,0.315790801246,0.00721390643037,0.0342352493813,0.0107068898173,0.035522361495,0.538052765684,0.0267505370548,0.00476243769783
109,0.0205349955247,0.0767029984084,0.0258945224439,0.129876817047,0.0360017442311,0.288264378011,0.298716019997,0.00395402866671,0.12005449567
110,0.104633408175,0.00613502519603,0.00410167788693,0.688882494515,0.059159119842,0.122400506493,0.0135328979406,0.00115471616163,1.53789889126e-07
111,0.0801873808605,0.0512557945019,0.0065040590067,0.789727497773,0.0299483483554,0.0177000719789,0.00490450278518,0.0167351817441,0.00303716299385
112,0.0603318799351,0.223004794994,0.00806625341857,0.0860111000441,0.0876373215821,0.0443981823076,0.485653446604,0.00166773393885,0.00322928717498
113,0.087599464906,0.00942511674661,0.116882619048,0.109383883985,0.266580576661,0.408691902385,2.55082523814e-05,0.00141072003445,2.07981832026e-07
114,0.1163657745,0.0652671865837,0.0222850388574,0.356405821814,0.269370911493,0.162028422316,0.00651811990379,0.00150794936614,0.00025077516483
115,0.444636269714,0.0698287166588,0.0412542081093,0.221436324672,0.0664277247545,0.00775078421031,0.113565402928,0.0171542321976,0.017946336755
116,0.0932384711982,0.180024922237,0.0252306531901,0.0911446974315,0.0352861062946,0.0765786250184,0.476982078717,0.00620886775059,0.0153055781625
117,0.0169552296065,0.0430181600172,0.0158360914754,0.353362478304,0.0150896989233,0.00190369594653,0.548872213666,0.00480487014354,0.000157561917344
118,0.0613600121706,0.267255374259,0.0818598677194,0.0172593368344,0.0766008205495,0.0140993436759,0.478786636349,0.00129165407888,0.00148695436303
119,0.281242391514,0.032908188885,0.00809661624607,0.505859381953,0.0622756124756,0.000910819301394,0.105180357734,0.00296961604658,0.000557015844954
120,0.0890735124626,0.250442606428,0.0170722450561,0.21659614668,0.0336962492787,0.0434957003339,0.339572491098,0.00975510151239,0.000295947150592
121,0.197894797035,0.0615671407098,0.00917885847276,0.138654392273,0.0764091074907,0.0406831459002,0.460053323908,0.00352868080459,0.012030553406
122,0.0295471451811,0.251777635511,0.010709490941,0.0565657988694,0.0191896447245,0.0228554280929,0.602864575264,0.00648840598945,1.87542645539e-06
123,0.0373659554322,0.133423387513,0.0356519006072,0.0448868675917,0.0380453145722,0.0512604537577,0.656716825553,0.00250651909187,0.000142775881045
124,0.436831706059,0.00372902562053,0.00406811655304,0.485169313,0.030256987807,0.0384558600427,0.000968989226958,0.000367278477926,0.000152723212413
125,0.39608345671,0.010640540175,0.00445621280187,0.513402354333,0.00319387651216,0.00475780405002,0.0020037417269,0.00855934436981,0.0569026693218
126,0.0425388384319,0.101272151114,0.0108031967758,0.0747137125876,0.157408037941,0.0677362075953,0.539737815257,0.00367274935435,0.0021172909431
127,0.0125319316733,0.121645082118,0.0495230939757,0.0498635302196,0.100844999004,0.018505080231,0.640880167441,0.00496938355377,0.00123673178391
128,0.0591516589141,0.393029371631,0.00585676856947,0.0165119672738,0.0205287035886,0.00352871535384,0.478593354736,0.0227518843598,4.75755735031e-05
129,0.2594406265,0.118499388379,0.0294996407451,0.169095865076,0.0416545169801,0.166676103584,0.209248014824,0.00487090687953,0.00101493703314
130,0.00700191729046,0.203202700639,0.00212499472347,0.0181349908721,0.0230370537679,0.115353528144,0.622771301717,0.00830079333928,7.27195060971e-05
131,0.230615094574,0.135003223227,0.0145011071902,0.232286075435,0.0429488133065,0.0272273483849,0.290643356665,0.0153794917841,0.0113954894328
132,0.0307214205431,0.26955612245,0.00142390027367,0.0644841477513,0.00813640072328,0.111159203205,0.508259771342,0.00487679151466,0.00138224219648
133,0.0558749698695,0.455758535721,0.00300813241819,0.0699039967602,0.00896591863719,0.132426926682,0.260964398411,0.0129383356703,0.000158785830007
134,0.469998704872,0.00653702756197,0.025946179572,0.125775278656,0.244542543382,0.122994664277,0.00365217606385,0.000531703668094,2.17219473527e-05
135,0.101561130641,0.213572421397,0.00450890204719,0.212106601966,0.0176566971191,0.00102163957478,0.41983926103,0.0161571454634,0.0135762007617
136,0.166001631875,0.135663359578,0.00253360821992,0.477407250305,0.088453461647,0.06092018492,0.0584805280279,0.0104561727888,8.38026371155e-05
137,0.0783239843584,0.15252730344,0.0862944121524,0.203824874331,0.0754234659544,0.141773611547,0.260638915564,0.00117515999876,1.82726532215e-05
138,0.0996428384983,0.00242964036272,0.0100569573109,0.124390541345,0.155698547519,0.602710282193,0.00370778912482,0.00136315790967,2.45736625524e-07
139,0.361533709476,0.0189316711052,0.0202970614554,0.414230311015,0.0355906000207,0.043383636547,0.0976909155652,0.0083326448309,9.44998369099e-06
140,0.102596016603,0.00468006679298,0.022180285159,0.12810198363,0.196938537825,0.529170866784,0.0157027746873,0.000629277196908,1.91320716667e-07
141,0.120882701041,0.268587564484,0.00400986877995,0.0559725616211,0.0327665988412,0.0231480851932,0.48676867057,0.00679568002751,0.00106826944173
142,0.235855531866,0.00517755498775,0.0321429429106,0.558135886323,0.165338049427,0.00246488184872,0.000416266459827,0.000115160443255,0.000353725733709
143,0.161989726112,0.261375672592,0.0236336122143,0.031842425451,0.0146901388701,0.18070107521,0.320679208663,0.00507894328984,9.19759794849e-06
144,0.0423939822515,0.1491308374,0.0147100964155,0.213606114219,0.0293723978203,0.0176218239686,0.531610964624,0.0013016082492,0.000252175052697
145,0.0185944330773,0.0558237650382,0.092346751366,0.033978230648,0.0672523879728,0.0303860350336,0.697859782242,0.0018639924267,0.00189462219544
146,0.195853874053,0.413287197006,0.00799645116201,0.0468382052342,0.0436560200565,0.120199144807,0.152460008515,0.0184227366341,0.00128636253266
147,0.0752809666975,0.251132944387,0.0266882077057,0.131673026726,0.0639230724286,0.0515623218537,0.396303542843,0.00342099912949,1.49182293313e-05
148,0.0610645285032,0.273562526389,0.028864728113,0.0369082900727,0.0812011273197,0.0349560506824,0.479519298415,0.00390219941814,2.12510863222e-05
149,0.060228881285,0.0753094066343,0.0285759304012,0.0575779533838,0.11141544469,0.0433095987717,0.620143626319,0.00291598474504,0.000523173769621
150,0.447615728697,0.0832022282531,0.0163003381273,0.218951113626,0.0230191953609,0.120439714233,0.0572118761378,0.0259353575978,0.00732444796715
151,0.132268512527,0.112382212208,0.00941403402651,0.135314866552,0.0248931079833,0.0371151466958,0.498855113303,0.0200499897704,0.0297070169343
152,0.0544846350469,0.0304182900273,0.0796038966997,0.716821143013,0.033751086688,0.0411770986514,0.0402533828854,0.00193509083495,0.00155537615289
153,0.0564681346979,0.222623068559,0.00337437502422,0.045031122791,0.035695301096,0.00848878151054,0.599552006067,0.0286060313326,0.000161178921705
154,0.0830030436367,0.0474958342228,0.0229476990358,0.343251245354,0.197304546009,0.302492542514,0.00276432976771,0.000629342776062,0.000111416683608
155,4.50137417877e-06,0.276988262794,0.00140076012657,0.000325537667888,0.0138870997764,0.34610795276,0.359088730481,0.00218621013622,1.09448834991e-05
156,0.0317160571041,0.105287421263,0.0969548967189,0.0907732072296,0.073274722925,0.00516099956801,0.56725426648,0.0117262987191,0.0178521299921
157,0.150715557818,0.277000646292,6.50861331078e-05,0.00937373776739,0.019363800864,0.24709673766,0.291400216024,0.00498410157297,1.15868360333e-07
158,0.214831078292,0.0109487958522,0.0680610367896,0.155313653784,0.291628370518,0.254325210119,0.00456289218792,0.000318215561084,1.07468977606e-05
159,0.00405691324142,0.292963451924,0.00104351017531,0.0173173994196,0.014465096099,0.0108335386221,0.655981616339,0.0033364769121,1.9972673821e-06
160,0.23614085907,0.2489862262,0.00340856501348,0.344683655518,0.0116816368316,0.01150671684,0.103433888856,0.021208975225,0.0189494764451
161,0.404199693272,0.0048348575853,0.0240271775407,0.165622711649,0.0907931513975,0.305870471443,0.00429114445225,0.000342999739521,1.7792921002e-05
162,0.417028852145,0.0692988037339,0.00320926285178,0.0183347783169,0.0386066310264,0.338490685714,0.112719097141,0.00190744683827,0.000404442233365
163,0.467675156863,0.0162533040233,0.0163073698784,0.125623119537,0.164439902183,0.20129919428,0.00753050439477,0.000833964555856,3.74842847504e-05
164,0.0201918972333,0.288088459365,0.0209403164273,0.105721296286,0.0334577664805,0.018645239136,0.506654786844,0.00626079574147,3.94424859281e-05
165,0.313057594348,0.0141852367977,0.00313596161116,0.63058354174,0.0208447749084,0.0040124004164,0.00538384200064,0.00147561404446,0.00732103413327
166,0.50170943868,0.00506592102317,0.00602543776905,0.389636008167,0.00392060270782,0.0910811720224,0.00251308968092,4.75534178089e-05,7.76532042334e-07
167,0.0537677016836,0.0792795701341,0.0128566679713,0.276585453774,0.0466544580698,0.131154249459,0.393008962487,0.000805526716788,0.00588740970348
168,0.0194692558487,0.0346342861836,0.0398896508267,0.0762294860461,0.125410679395,0.00435408822424,0.697066436408,0.00124812866404,0.00169798840421
169,0.0317160571041,0.105287421263,0.0969548967189,0.0907732072296,0.073274722925,0.00516099956801,0.56725426648,0.0117262987191,0.0178521299921
170,0.299950409354,0.0208433315713,0.00490863516309,0.56912814895,0.0346864254106,0.0507445858343,0.0131782724141,0.00578310966915,0.00077708163365
171,0.518465691734,0.112484704686,0.00361767994515,0.225044463152,0.00746506625971,0.125598293144,0.00119501681122,0.00496704436792,0.00116203989854
172,0.00153477060336,0.503440485104,0.00615790401588,0.0404242285,0.00198843638216,0.00344333762184,0.44140925966,0.00159984095269,1.73716015513e-06
173,0.489026450012,0.0290581732497,0.0248800469933,0.149582762996,0.0345277054608,0.260242678531,0.0123331726722,0.000346298125889,2.71195984421e-06
174,0.306707573853,0.00502649209801,0.0028681807967,0.635839011627,0.0385381810697,0.0106556021489,0.000176277908622,0.000176813896121,1.18666020515e-05
175,0.0167411372395,0.288929313037,0.00739806461576,0.00776011440759,0.0162500341946,0.16106702941,0.497776268743,0.00287741476558,0.00120062358768
176,0.0175224126004,0.185815301884,0.00510464419376,0.0241680952333,0.0264432496119,0.0228136656981,0.712684933556,0.00543767084473,1.00263776638e-05
177,0.361533709476,0.0189316711052,0.0202970614554,0.414230311015,0.0355906000207,0.043383636547,0.0976909155652,0.0083326448309,9.44998369099e-06
178,0.00118580285216,0.246122858747,0.0779981822079,0.0102570947701,0.181074266271,0.0226017832944,0.456375156513,0.00434357415219,4.12811915197e-05
179,0.214806846138,0.0334300415356,0.00160543770905,0.660288621843,0.0350924760327,0.0200005874909,0.032755674349,0.00198554304389,3.47718577357e-05
180,0.00825402518032,0.238573478428,0.00866855639699,0.0559025551177,0.0317176868955,0.00877707008965,0.64552476639,0.00257986741411,1.99408801038e-06
181,0.386820912493,0.161081727412,0.0129181630781,0.172447781123,0.0661915290831,0.0313093468418,0.164418445826,0.00461603503212,0.000196059110808
182,0.0156421890813,0.103180092624,0.0302911039085,0.206892097216,0.0237724740554,0.0167687430953,0.595963084975,0.0066427206733,0.000847494370453
183,0.0373659554322,0.133423387513,0.0356519006072,0.0448868675917,0.0380453145722,0.0512604537577,0.656716825553,0.00250651909187,0.000142775881045
184,0.0346626965615,0.221029890837,0.0093288107035,0.0452259815479,0.0338977363039,0.0379002394812,0.611897293681,0.00604796633516,9.38454910314e-06
185,0.0544846350469,0.0304182900273,0.0796038966997,0.716821143013,0.033751086688,0.0411770986514,0.0402533828854,0.00193509083495,0.00155537615289
186,0.0996428384983,0.00242964036272,0.0100569573109,0.124390541345,0.155698547519,0.602710282193,0.00370778912482,0.00136315790967,2.45736625524e-07
187,0.0996428384983,0.00242964036272,0.0100569573109,0.124390541345,0.155698547519,0.602710282193,0.00370778912482,0.00136315790967,2.45736625524e-07
188,0.106838523147,0.268225202933,0.0198935587866,0.24205284824,0.0433877288059,0.0227543247393,0.29389797775,0.00137692403954,0.00157291155808
189,0.0882034946598,0.0842578510395,0.0207341645365,0.104038560803,0.3956381065,0.0608394396171,0.242623792958,0.00281119122604,0.000853398660175
190,0.567014236089,0.0538716235024,0.00547014168169,0.255202105718,0.0526253452779,0.0429632275645,0.00721313214269,0.00348761665645,0.0121525713674
191,0.481472154653,0.0206938633873,0.0175315901103,0.0838405501316,0.106950555098,0.273178304285,0.0154844368205,0.00071035294633,0.000138192567335
192,0.0830030436367,0.0474958342228,0.0229476990358,0.343251245354,0.197304546009,0.302492542514,0.00276432976771,0.000629342776062,0.000111416683608
193,0.44370121357,0.00646722579176,0.0248938793048,0.096317052806,0.371767718693,0.0532680852913,0.00294494582802,0.000612019275128,2.78594393993e-05
194,0.361533709476,0.0189316711052,0.0202970614554,0.414230311015,0.0355906000207,0.043383636547,0.0976909155652,0.0083326448309,9.44998369099e-06
195,0.00192526453009,0.347489634496,0.0108355911611,0.00503067968519,0.00359624400161,0.0301026790692,0.598842405931,0.00216802984842,9.47127704427e-06
196,0.11779137999,0.0075561538383,0.047349488087,0.217797446029,0.392699027735,0.213547247818,0.00282237467437,0.000434942232912,1.93959506463e-06
197,0.20441529907,0.00992695642441,0.0182558494036,0.72943285014,0.00632784777592,0.001082139925,0.0276188891078,0.00250801884517,0.000432149307223
198,0.0403555890517,0.405359825441,0.0178838350692,0.0110898993776,0.013889492107,0.0157366039051,0.494582952757,0.00107578922118,2.60130698322e-05
199,0.109262139622,0.158278879051,0.0883632403399,0.0615493819412,0.0857491077752,0.0112857971649,0.481391326358,0.0037868702466,0.000333257501574
200,0.0193211676128,0.230032337634,0.0862425472042,0.0136753899732,0.0380671804714,0.116983931684,0.492379248823,0.00279276414729,0.000505432449984
201,0.302846599804,0.0628396450549,0.00169941336706,0.158228065456,0.0273558825269,0.0316852031917,0.228277200354,0.0600181622337,0.127049828011
202,0.382978576416,0.0860093230864,0.00385402901706,0.185463678292,0.0143130578521,0.0447677922849,0.266467597238,0.0137841738282,0.00236177198539
203,0.45100088907,0.0110708712951,0.00534029455528,0.44209497532,0.0257806653887,0.0462827831826,0.0159538249436,0.0022570496085,0.000218646636571
204,0.056972827382,0.218356706555,0.00858737336497,0.026301564954,0.0316458854397,0.28978467824,0.360182741134,0.0065218449881,0.00164637794166
205,0.195479413589,0.15018371623,0.00748241892917,0.146741172176,0.0994721848583,0.024354014361,0.366697099997,0.00895326575545,0.000636714103596
206,0.0528347930685,0.0604523274567,0.00379010659981,0.317924270022,0.0453715432868,0.0128498075835,0.498186390725,0.00726650853913,0.00132425271772
207,0.268431239787,0.226374847263,0.0269411388696,0.239837601375,0.0306877521947,0.0845249299875,0.116778591173,0.00641371762112,1.01817286302e-05
208,0.0820314523971,0.319197852512,0.013593752736,0.0703924981541,0.024179414004,0.0142571507718,0.466131902884,0.00638918584116,0.00382679069998
209,0.0389999554614,0.1518732256,0.0202576335692,0.0446601908937,0.0272570702938,0.0218410144404,0.690101962377,0.00457799056163,0.000430956803446
210,0.00448162130579,0.0945188790672,0.106544833105,0.172817940202,0.0251504743353,0.00420044722092,0.584372722592,0.00718794326682,0.00072513890561
211,0.0880853291786,0.0724425182102,0.0109578441076,0.100665723616,0.0269709657812,0.0150486469693,0.319251209013,0.0294704788097,0.337107284314
212,0.0858163017783,0.237037613918,0.00997168097743,0.0576610866018,0.0485938762615,0.109344037605,0.439806726528,0.0117650297794,3.64655139201e-06
213,0.0751063302514,0.106957202258,0.101917111121,0.0583745776805,0.0536015988305,0.0276440168046,0.574879119147,0.00100609881844,0.000513945087916
214,0.167565028098,0.0378415945385,0.0353070409752,0.592230389153,0.0163331007766,0.0139877127978,0.122559135153,0.00188800612544,0.0122879923818
215,0.0426468981628,0.248433240268,0.0150739024007,0.0106790257592,0.200279289503,0.29297401272,0.182615721841,0.00336952119016,0.00392838815451
216,0.105140987744,0.359109916245,0.00475472277435,0.0210564245253,0.012077198867,0.00328068862574,0.477852712138,0.0165401971261,0.000187151953878
217,0.0745790041107,0.194781729023,0.00674606051434,0.0460294659247,0.0569345644167,0.0112639002001,0.595007503098,0.0141678003443,0.000489972368263
218,0.0346626965615,0.221029890837,0.0093288107035,0.0452259815479,0.0338977363039,0.0379002394812,0.611897293681,0.00604796633516,9.38454910314e-06
219,0.0119666071656,0.171829814796,0.013529059982,0.0146126962525,0.0169867000958,0.298330287563,0.470368266688,0.00237543424389,1.13321301362e-06
220,0.00441288951359,0.164412247825,0.0283920544603,0.0429484516148,0.0269305657713,0.0799477423865,0.640546662014,0.0112952965542,0.00111408986083
221,0.114186350369,0.0835400344903,0.0218969643431,0.265644450378,0.0933890269823,0.0925286516528,0.328466067064,0.000310756559275,3.76981605021e-05
222,0.373538639306,0.132330087873,0.0111064656287,0.121290327134,0.0461886444448,0.19736694349,0.114891999263,0.00316071144727,0.000126181413561
223,0.106073039181,0.00771930065565,0.0241537482146,0.0841347174086,0.295266894448,0.443249019237,0.0388598755472,0.000543169286337,2.36021059303e-07
224,0.103813882756,0.0100030863765,0.0117162728368,0.0331288544697,0.442753261594,0.348261253503,0.0494533557769,0.000869586738456,4.45948699291e-07
225,0.264826763359,0.107588040913,0.00167437953015,0.178368870306,0.0315006160809,0.1411119551,0.254520097066,0.0198614532239,0.000547824421131
226,0.0713189148441,0.152735986598,0.00614055057088,0.253015451969,0.0226739677214,0.0406950916925,0.443523826006,0.00901497825779,0.000881232340699
227,0.0167710002291,0.217144976051,0.0193874146878,0.0201991318741,0.0824560486973,0.0844145491199,0.545161379816,0.0130118630719,0.0014536364529
228,0.0291371730738,0.126307756861,0.00411435686644,0.027691209023,0.0308794976084,0.0093026147626,0.766121885245,0.0064202021787,2.53043810248e-05
229,0.200848903277,0.149654177815,0.00843837825398,0.32803404938,0.0492147546103,0.177601609339,0.0627573243325,0.022040744238,0.00141005875413
230,0.102458620805,0.00649937314498,0.0330515349471,0.127943471792,0.218648633408,0.478018552607,0.0329676989736,0.000411949403053,1.64919043114e-07
231,0.2407889251,0.0427942204875,0.0045608978448,0.437905664893,0.0368750230051,0.0106126094898,0.217742429576,0.00457820640009,0.00414202320269
232,0.244861969486,0.0449770518098,0.0222043131712,0.433338029854,0.114524012379,0.130978405639,0.00720470134239,0.00180830007051,0.000103216247221
233,0.217608069477,0.0783635525515,0.00581451599153,0.289784763912,0.0678056931228,0.151493941813,0.176903102352,0.0103218729962,0.00190448778395
234,0.087599464906,0.00942511674661,0.116882619048,0.109383883985,0.266580576661,0.408691902385,2.55082523814e-05,0.00141072003445,2.07981832026e-07
235,0.0096911883434,0.471103266479,0.00141048542524,0.00899360751807,0.0287192893964,0.174297082079,0.265434469062,0.0403504470753,1.64621795532e-07
236,0.0478759389956,0.453737835868,0.0451835717726,0.0447280886466,0.0138520713142,0.000559904070664,0.377429808292,0.01649317385,0.00013960718987
237,0.00444419642014,0.20673972619,0.0232783859968,0.0123428600029,0.0557525827417,0.460108379517,0.210385664188,0.0108440575243,0.0161041474191
238,0.286470236783,0.00900588915561,0.0400960573377,0.245672876688,0.233753211644,0.175989873654,0.00805627307493,0.000945791198206,9.79046574093e-06
239,0.239652830547,0.10569826128,0.0256906385794,0.10227127535,0.142271896313,0.257453433261,0.123749567502,0.00315394591962,5.81512480364e-05
240,0.380732441446,0.0158755776647,0.00155557051293,0.443442440696,0.0344482180428,0.117079892051,0.00540883923671,0.000912571144473,0.000544449205899
241,0.000637185255266,0.327499222105,0.0169787616689,0.0661283609809,0.00276686786372,0.00191941603732,0.573099342311,0.0108288974893,0.000141946288164
242,0.034524809379,0.285170773607,0.000707845683114,0.0370740398499,0.0157983816161,0.173941712085,0.440730925114,0.0116102012741,0.000441311392223
243,0.0258609550857,0.130617799508,0.00644644289519,0.0229924588892,0.016981468432,0.0097169471017,0.782135009425,0.0051732326184,7.56860451602e-05
244,0.180811007682,0.0582624018523,0.00333007472185,0.113987992435,0.034495008354,0.496612879433,0.0987794413637,0.0073146824472,0.00640651171092
245,0.0525186361858,0.178910910664,0.0112669602291,0.12170075221,0.0565403747099,0.0176993363547,0.542855949641,0.0168525576821,0.00165452232358
246,0.206676638246,0.128120441396,0.0039134293325,0.340240025476,0.0464629419611,0.0538794826459,0.208063219948,0.00879666993575,0.003847151058
247,0.254651742219,0.0103088161563,0.0283653881909,0.115625692991,0.325824937602,0.225692869719,0.0389899923346,0.000539045639724,1.51514803748e-06
248,0.033690002845,0.251137617514,0.0108440279964,0.0982802713516,0.0191061979077,0.00643054393178,0.576049137416,0.00444552546449,1.66755726508e-05
249,0.309972742277,0.254659221319,0.0118226295094,0.114139401616,0.0164952532717,0.158346523785,0.120331614815,0.0124977686301,0.00173484477622
250,0.094855523153,0.123981759284,0.00264762516986,0.0791707897955,0.0214544092211,0.0658622521743,0.598758035679,0.013242053683,2.75518400008e-05
251,0.275733408573,0.361605316113,0.0089727821868,0.123140407556,0.0677327459153,0.00640893826135,0.151495568242,0.00486700894643,4.3824205979e-05
252,0.178335083869,0.0955980872378,0.0437585141129,0.436070952044,0.0350758855318,0.0345842201128,0.159112571132,0.00827016925474,0.00919451670536
253,0.00741969703614,0.242352437124,0.0203362885712,0.478541695358,0.00803388586438,0.0188539592382,0.205601281104,0.00102158675185,0.0178391689519
254,0.437565623043,1.11965689929e-07,0.0245736119097,0.0025995509367,0.0430600139615,0.355122786467,0.118346617467,2.98728896192e-05,0.0187018113601
255,0.217913434266,0.0941218164112,0.0303807192905,0.138712516716,0.0749853449281,0.00868286810098,0.426559875671,0.0059595149153,0.0026839097006
256,0.400600042212,0.00757511317299,0.0341895081533,0.136000968449,0.263296229359,0.153901467486,0.0039390069613,0.000478986086835,1.86781194325e-05
257,0.268828577991,0.0258205484932,0.0119614265794,0.526019549461,0.0634851915052,0.0463016592744,0.0546573196276,0.00276871932549,0.000157007743008
258,0.00691846932613,0.0131832116116,0.0124400069194,0.861107648252,0.0352989543473,0.030143827043,0.0214757439421,0.0041140102571,0.0153181283012
259,0.0326146801359,0.136027871811,7.47088572021e-05,0.24821333813,0.000445954012992,0.377518820282,0.197194915923,0.00786497209357,4.47387536532e-05
260,0.102458620805,0.00649937314498,0.0330515349471,0.127943471792,0.218648633408,0.478018552607,0.0329676989736,0.000411949403053,1.64919043114e-07
261,0.0957713770874,0.277378746551,0.00865732182699,0.0535700637349,0.0366041154493,0.0533597722547,0.467858735436,0.00584659557157,0.000953272088799
262,0.436831706059,0.00372902562053,0.00406811655304,0.485169313,0.030256987807,0.0384558600427,0.000968989226958,0.000367278477926,0.000152723212413
263,0.00535136315423,0.275260413961,0.0368730271367,0.0186551849704,0.032600963816,0.0225042472776,0.601279022416,0.00728943502059,0.000186342247943
264,0.00116036454521,0.488843908296,0.00708701596842,0.022145040092,0.00630646572384,0.00621007195509,0.466135353269,0.0021092872812,2.49286940417e-06
265,0.539368295233,0.00573009870734,0.0153422273133,0.14217117542,0.0710873372505,0.216630771152,0.00921394984605,0.000432066227994,2.40788495169e-05
266,0.0193929551139,0.223792323792,0.00313579900543,0.0118354151667,0.0300773996694,0.0478247673978,0.659473567667,0.004414697457,5.30747304369e-05
267,0.0798413359549,0.176296692301,0.0137535296889,0.0957283862415,0.0411897347236,0.022526519537,0.56212305984,0.00646178125865,0.00207896045425
268,0.300451318458,0.225386492333,0.0184970850402,0.267836747092,0.0407152284876,0.0031652622978,0.13009356395,0.00816664219673,0.00568766014502
269,0.37176442365,0.0308870861308,0.0728473806786,0.406083490148,0.00891987491105,0.0655682946069,0.0225680172579,0.0134166770296,0.00794475558782
