ID,class1,class2,class3,class4,class5,class6,class7,class8,class9
0,0.0148954560024,0.0175594097164,0.00595106925239,0.878146347422,0.0328046275681,0.0199513350249,0.0144302767268,0.00290521862505,0.0133562596618
1,0.0860622694059,0.0740766021117,0.0219789666741,0.0493649768265,0.145219466706,0.0139483133485,0.594208484545,0.0124457959224,0.00269512445972
2,0.493134708098,0.0760320126383,0.00505632300811,0.28752164639,0.0038539203524,0.119042494204,0.00108886646173,0.00220470359229,0.0120653252548
3,0.0522525968475,0.0461040733677,0.0398751631005,0.270765280899,0.0583440969076,0.00348577341084,0.5198888152,0.00898664801415,0.000297552252442
4,0.186658308684,0.248611102243,0.00922326841459,0.069011255818,0.0135128440682,0.0036314050237,0.451920858305,0.0065011347426,0.0109298227008
5,0.393705707248,0.0260773916026,0.0225507644695,0.438414366934,0.0481672027966,0.0233012844259,0.0445273638568,0.00249112667399,0.000764791993031
6,0.0538897384902,0.0194110541608,0.0188388993121,0.839016085721,0.0368654499102,0.0186360204049,0.0124836624873,0.00083521103081,2.38784826273e-05
7,0.0205412462343,0.135831115623,0.0224518824062,0.0905901970931,0.0491525145009,0.0794363004425,0.588178912004,0.0122856606542,0.00153217104151
8,0.0501029096688,0.0241020775419,0.0847403388109,0.750897245469,0.0331897249653,0.0250261454118,0.0301100776048,0.00147936609195,0.000352114435475
9,0.15157092312,0.156591481738,0.0223207054869,0.298905915926,0.0238638714121,0.171410113586,0.173646582965,0.00139477002115,0.000295635744914
10,0.0962162669396,0.30060315926,0.00232539508421,0.0505139111666,0.0181781296314,0.00501989577492,0.523594679901,0.00234423829637,0.0012043239455
11,0.0666652857629,0.00573283066369,0.0247021503526,0.0723744106196,0.437430354228,0.389623957305,0.00297912449175,0.000452315741041,3.95708354718e-05
12,0.0480516378653,0.0284456147188,0.070217803257,0.775851540802,0.0326302399942,0.010262868524,0.0307641003098,0.00240872614133,0.0013674683871
13,0.0304963421445,0.0987001522899,0.0101163997025,0.381867280564,0.0449215185557,0.0245590094713,0.401879917015,0.00275250068545,0.00470687957114
14,0.00149350418528,0.516316806633,0.0275985484404,0.0168227618611,0.0087404970885,0.019634086297,0.40795967522,0.00136567440632,6.8445868984e-05
15,0.290143950464,0.00447982083598,0.00169937140199,0.048398193726,0.155349697102,0.49986399385,5.09256692943e-05,1.21503876511e-05,1.89656358223e-06
16,0.0501029096688,0.0241020775419,0.0847403388109,0.750897245469,0.0331897249653,0.0250261454118,0.0301100776048,0.00147936609195,0.000352114435475
17,0.331956577043,0.00820169723831,0.000303121221784,0.604850575325,0.0276127690611,0.0144918946711,0.000238057000297,0.00166029819538,0.0106850102441
18,0.0323309542623,0.0218219173916,0.0332241488228,0.828771424229,0.0337565024048,0.0234501615288,0.0232474108471,0.00195551988887,0.00144196062451
19,0.240173118751,0.0158045299636,0.0112528626071,0.611120539413,0.0461495410659,0.0388546761952,0.0331428369296,0.00224107911952,0.00126081595455
20,0.332344298897,0.279377783176,0.00327537457068,0.223803936792,0.0147630507517,0.080199864651,0.0573665155745,0.00422608600827,0.00464308957918
21,0.0412135755552,0.403493430382,0.00409560404264,0.0231604016175,0.0113060992963,0.00619622259587,0.510013983262,0.000513270777624,7.41247072311e-06
22,0.028856367726,0.612375552096,0.000294969067494,0.110502730935,0.0128723493386,0.00192579326526,0.226289128593,0.00661278586848,0.000270323110919
23,0.18722892374,0.0176812407773,0.107020836319,0.4719106885,0.0729965110764,0.0187624978345,0.121216681822,0.00240695630929,0.000775663622498
24,0.368319263619,0.0579837111214,0.0219265008185,0.205205855511,0.158220588327,0.000820522745826,0.173768344482,0.00861234324089,0.00514287013372
25,0.0734493622746,0.311319619565,0.033297557393,0.172108459681,0.0478067191478,0.0829863258231,0.254111293336,0.0180326238382,0.00688803894133
26,0.0622267530263,0.317287255956,0.00829344063538,0.0120291962065,0.15167251557,0.136744191361,0.298743227966,0.0122873760615,0.000716043216873
27,0.0508311320244,0.195836688767,0.0123271373229,0.0761173002136,0.0337690528858,0.128588449463,0.497020919536,0.00546523664372,4.40831435789e-05
28,0.0788275046051,0.149162658637,0.0410000323633,0.302965239623,0.0409416500065,0.145824986691,0.240166761609,0.00106940632526,4.17601393172e-05
29,0.0190294729623,0.210730622962,0.0117022209686,0.0317247112657,0.0629254186434,0.0173242251129,0.644194102395,0.00170850573545,0.000660719954922
30,0.0363898165793,0.290874605134,0.00582884060863,0.0228635100658,0.00758801236446,0.00635193313388,0.576269787217,0.0486507584592,0.00518273643781
31,0.0570610283951,0.0506780817138,0.0192311828036,0.364735078382,0.193533126929,0.310512193402,0.00363762168538,0.000418730613526,0.000192956075888
32,0.295593645055,0.149968945175,0.00843250323758,0.0159886532585,0.00769730670541,0.0143574877738,0.476729508945,0.0309923623154,0.000239587534318
33,0.0148954560024,0.0175594097164,0.00595106925239,0.878146347422,0.0328046275681,0.0199513350249,0.0144302767268,0.00290521862505,0.0133562596618
34,0.00144874768176,0.0878551096567,0.0193869883041,0.00600033805768,0.344145243657,0.00357525459258,0.533332107325,0.00418233915759,7.38715677477e-05
35,0.00570634642946,0.397734803365,0.000565504780662,0.00731337535989,0.0268662837022,0.000803232908631,0.549191263969,0.00800742908772,0.00381176039813
36,0.0153406986746,0.416763758389,0.00361344192096,0.0944019029205,0.00737040293755,0.0344910355669,0.423271356561,0.00467114748131,7.62555484079e-05
37,0.522046237292,0.0050635324678,0.00683229973186,0.398461359131,0.0184972948183,0.031147562437,0.015010799613,0.0013268812401,0.00161403326878
38,0.285826432697,0.00539357504529,0.0363542329157,0.134783624046,0.402920370477,0.128957363414,0.00537272647198,0.000359009945636,3.2664987085e-05
39,0.0798173669358,0.038282314566,0.130954360459,0.0423875168365,0.0264889038544,0.00360840675312,0.672309235308,0.00239747566889,0.00375441961772
40,0.0228932776513,0.054727533972,0.0050036650762,0.0496015315718,0.0589501228373,0.0359169271855,0.766462362387,0.0014096609353,0.00503491838324
41,0.000360723358704,0.419671788479,0.00518741043185,0.00724839814127,0.00780803741302,0.00441227853177,0.552257538823,0.00252755298426,0.00052627183678
42,0.141413539442,0.368382447873,0.0155448966016,0.0472043922111,0.0108691771841,0.012843376533,0.371498646437,0.015241170724,0.0170023529941
43,0.0501029096688,0.0241020775419,0.0847403388109,0.750897245469,0.0331897249653,0.0250261454118,0.0301100776048,0.00147936609195,0.000352114435475
44,0.0483681652154,0.13615545975,0.150559697448,0.0769999648685,0.187511700153,0.0124272352385,0.385623133054,0.00165520840728,0.000699435865412
45,0.606401898448,0.0311443965709,0.00432348493591,0.259006196183,0.0424754875304,0.00906047619546,0.0237640421607,0.0111752052078,0.0126488127673
46,0.0860622694059,0.0740766021117,0.0219789666741,0.0493649768265,0.145219466706,0.0139483133485,0.594208484545,0.0124457959224,0.00269512445972
47,0.0784823299683,0.012445340566,0.00892494905543,0.788804507506,0.0478612071249,0.0508668916078,0.011638118191,0.000971180193245,5.47578725396e-06
48,0.527596479472,0.00530718243676,0.0500000878662,0.353285315743,0.0361779076669,0.0188424526998,0.00276574047798,0.00346277146775,0.00256206216969
49,0.313097289167,0.200942847105,0.0151758634147,0.2247132601,0.0619660616177,0.0262190165354,0.150576835972,0.00413344084863,0.00317538524019
50,0.156572532066,0.0779111254232,0.0502020420292,0.24762063803,0.0175872000291,0.0222434001965,0.120764629366,0.0237635439852,0.283334888875
51,0.0185158168538,0.130469272674,0.0839512784348,0.0713501220302,0.0830833730337,0.00747620793066,0.584764457819,0.0076483674745,0.0127411037493
52,0.0566241978138,0.230384133975,0.0152747617807,0.0316008567674,0.0280900728733,0.220340389034,0.386282676848,0.0149595137156,0.0164433971919
53,0.00237677874634,0.170377191654,0.0163094606523,0.0425934454167,0.024699089145,0.0280362344847,0.70738270727,0.00571989630684,0.00250519632403
54,0.212166978198,0.0059180744819,0.0572836237926,0.131793517962,0.381614384055,0.209494423713,0.00129738266162,0.000413141166439,1.84739700023e-05
55,0.269922095887,0.0719889080845,0.0348547682976,0.300840435688,0.190316368912,0.0293519500467,0.0756964994782,0.0171062067208,0.00992276688598
56,0.0911579047802,0.346096849846,0.0104094993552,0.0271742575695,0.0159085617354,0.0358410077418,0.472025010843,0.00129683849162,9.00696369746e-05
57,0.286007079396,0.0252885042561,0.0151780747647,0.629549520655,0.000187038514722,0.00434814472178,0.0389007104031,8.11624729543e-05,0.000459764816116
58,0.0402553869054,0.282022120311,0.00274691456317,0.0417311129513,0.00782517415138,0.103497815881,0.518651267367,0.00239079023958,0.000879417630329
59,0.0781093596848,0.011981867328,0.0243950930982,0.455882075682,0.274331708297,0.0404218613461,0.105155400986,0.00531022755699,0.0044124060203
60,0.0329375787268,0.206041195427,0.06014302002,0.0397645803965,0.0595097317797,0.0861611624913,0.513396423022,0.000722880563058,0.00132342757381
61,0.116607582049,0.0878371065965,0.0137558812152,0.308541083713,0.0149650668084,0.000444115443912,0.405325033355,0.00969959392356,0.0428245368948
62,0.0142087315848,0.285634890126,0.00851812922874,0.0123968907654,0.0291501279118,0.103208136046,0.544454033782,0.00227006035201,0.000159000202382
63,0.208115630574,0.173626745302,0.0146464364211,0.0887885588607,0.0500973990371,0.00829637235633,0.422300673279,0.014719365478,0.0194088186915
64,0.190439872114,0.360054764467,0.00200011792925,0.31715303466,0.0174745255466,0.00713757840947,0.045737589725,0.00404733682445,0.0559551803243
65,0.00321638937804,0.370590314414,0.0148505683048,0.00489502757595,0.127587726244,0.0110921992877,0.459295660978,0.00214069688877,0.00633141692832
66,0.212503966656,0.102751743743,0.0272032704783,0.2308729251,0.229128136082,0.185631872562,0.011235841597,0.000444335963261,0.000227907818804
67,0.152348890838,0.134843996612,0.000688694698364,0.484594377451,0.00211827132648,0.000688701568321,0.16614501108,0.000800466574023,0.0577715898514
68,0.242869439029,0.0544638184162,0.00133282580937,0.428373424648,0.089992200034,0.154652869664,0.0240275500644,0.000631916441714,0.00365595589277
69,0.338093747448,0.0265426124638,0.0053195985318,0.346411892451,0.0326086840339,0.0777418455383,0.163810002431,0.00637604927224,0.0030955678293
70,0.522046237292,0.0050635324678,0.00683229973186,0.398461359131,0.0184972948183,0.031147562437,0.015010799613,0.0013268812401,0.00161403326878
71,0.543315179248,0.120440863065,0.00239216546401,0.162401797945,0.00146059602751,0.0067920574088,0.145085349544,0.0103455826787,0.00776640861884
72,0.0443611253486,0.421177475788,0.00164029473309,0.0480472408086,0.000950310111285,0.000660222360702,0.475969434068,0.000335670290043,0.00685822649179
73,0.07959326933,0.0550811931849,0.0227024818441,0.35552381847,0.127031741081,0.0413698272857,0.315314141317,0.000673978395075,0.0027095490917
74,0.000866600113661,0.181215996372,0.0814680908741,0.0112377651225,0.174454184218,0.0281089360736,0.515591730131,0.00383714975003,0.00321954734581
75,0.000915454373902,0.00765060876318,0.000440916978397,0.915164559088,0.0474411043511,0.000169785858829,0.0146828643156,0.00368802354483,0.00984668272627
76,0.456233987962,0.0703354769633,0.0335082203843,0.253248928802,0.0212293839535,0.0337543164653,0.127378140955,0.00238734159101,0.00192420292489
77,0.0584069881109,0.370809661791,0.00246412482041,0.0169416321282,0.0143875560276,0.00190235382853,0.499346510025,0.0130801646351,0.0226610086337
78,0.0432324445677,0.295567487361,0.0190693078467,0.0944839354921,0.000831644982318,2.6922825357e-05,0.532272962382,0.000613666942229,0.0139016276001
79,0.434909569688,0.0901555881609,0.0143178309035,0.227275929894,0.0140960165331,0.113913132714,0.0769772323775,0.0171662576411,0.011188442088
80,0.585565759588,0.0183322033577,0.000363384522118,0.0586625634214,0.0425015896068,0.2556349234,0.0201851600802,0.00107274487437,0.0176816711499
81,0.0409093766657,0.197908380881,0.00318299094832,0.0903019731065,0.0125890923014,0.020774785891,0.622244692165,0.00985877130147,0.00222993674002
82,0.0365710546028,0.146068287622,0.249194072036,0.180926069762,0.0689352061742,0.180387266525,0.137282369453,0.000556883116813,7.87907084096e-05
83,0.408696980504,0.045512541056,0.000441119703026,0.42800694653,0.0183127416686,0.0196941541084,0.0720660741127,0.00650905215013,0.000760390166933
84,0.337950070473,0.00792096666281,0.00781473714513,0.322993640722,0.0310185279549,0.288545024981,0.00258781806068,0.00109917859612,7.00354045568e-05
85,0.0929402657369,0.409266423419,0.0321748672379,0.032875263782,0.0591788968513,0.200889093186,0.171136071734,0.00148565266197,5.34653912398e-05
86,0.194827051338,0.00985893200873,0.00815445595465,0.66248565765,0.0522916294435,0.055766295604,0.0129324972561,0.00322672776763,0.000456752976978
87,0.289066600967,0.0577653279535,0.00446123243634,0.224581791939,0.0133302847927,0.0225400252917,0.384275715929,0.00365619495684,0.000322825734187
88,0.474693250399,0.00474637197665,0.0269686599157,0.107688760711,0.271519981116,0.110449044816,0.00356449233305,0.000338432760414,3.10059719869e-05
89,0.202411847748,0.00736825810072,0.063070423983,0.144921773134,0.369249628891,0.210417366735,0.00213320872341,0.000402222005052,2.52706800084e-05
90,0.13079754078,0.0644649845249,0.00949125818605,0.621642294519,0.0496811249177,0.00214413520498,0.116710072451,0.00316216278098,0.00190642663539
91,0.00422554875051,0.225732174633,0.0298574092114,0.0249968977397,0.0409919528723,0.48219216224,0.181191259072,0.00722424280062,0.00358835268124
92,0.375945923575,0.0134995994763,0.0215322865307,0.408329103847,0.0362581385763,0.0306974766644,0.104951205457,0.00856736740479,0.000218898468431
93,0.020263181818,0.0498230494314,0.0160994170985,0.350923750185,0.0127962862585,0.000956110896258,0.543094166567,0.00499963874103,0.00104439900441
94,0.375945923575,0.0134995994763,0.0215322865307,0.408329103847,0.0362581385763,0.0306974766644,0.104951205457,0.00856736740479,0.000218898468431
95,0.00833748536658,0.283270254579,0.028759874573,0.0204204668725,0.096424247292,0.0321388917838,0.528045764814,0.00236915320047,0.000233861519463
96,0.110871877591,0.14669761933,0.00720821771407,0.0777033989662,0.109057050518,0.376285012319,0.160801558152,0.00440164487631,0.00697362053241
97,0.224383197015,0.218938176824,0.0174731547311,0.0658437276794,0.0315364400573,0.354699634741,0.0811168521996,0.00192602487593,0.00408279187756
98,0.0618394616866,0.421336647084,0.00860372344041,0.0239508627494,0.0242053742048,0.000842191842204,0.448654639141,0.00918873977465,0.00137836007696
99,0.0767446621855,0.256609925445,0.0161742560818,0.0762391446331,0.00760344999628,0.0706440931482,0.492827806281,0.00223765129917,0.000919010929241
100,0.224488169201,0.0486156408345,0.0240030455402,0.523524619413,0.0232159626921,0.0360650564103,0.106610188639,0.0097825583969,0.00369475887321
101,0.0423799886361,0.000539331143682,0.214368884507,0.485718675348,0.160462861146,0.0950124187321,0.000642294067305,0.000410147586279,0.000465398833586
102,0.622563880675,0.158847906504,0.00746183974419,0.0624703821686,0.0366993581738,0.00248476097078,0.0595237998155,0.0311826068572,0.0187654650913
103,0.260481598422,0.235092328538,0.00248739135766,0.048161750814,0.0211045151088,0.0577424338669,0.357730166769,0.00944973112582,0.00775008399865
104,0.0576006448663,0.245463832149,0.0035081343804,0.0525993826531,0.0140023768466,0.0167070819983,0.598726035264,0.00651916244219,0.00487334940026
105,0.403288468619,0.0103703418862,0.0428244493949,0.12058538511,0.316265668442,0.0964371838505,0.00960924315232,0.000560132822949,5.91267217931e-05
106,0.0338661802668,0.275440649937,0.00348341609266,0.0165792295804,0.030984855733,0.0259284144112,0.611066149933,0.00263938875221,1.17152939282e-05
107,0.393705707248,0.0260773916026,0.0225507644695,0.438414366934,0.0481672027966,0.0233012844259,0.0445273638568,0.00249112667399,0.000764791993031
108,0.04669056509,0.334813062667,0.00730757585868,0.0242422871336,0.0051463980746,0.014978115151,0.539853487476,0.0215361213759,0.0054323871731
109,0.0186362464896,0.0532544746499,0.0213165802058,0.253294163838,0.0350844067593,0.253476427577,0.341623678899,0.00244364129857,0.0208703802819
110,0.106299401455,0.0072596210273,0.00374421525145,0.678160751589,0.0601754844505,0.133067035996,0.0102088091339,0.00108363781747,1.0432793679e-06
111,0.0762877283238,0.0278254417659,0.00421837820824,0.830538336188,0.0218635221455,0.00831603388465,0.00416215581095,0.0138846363781,0.0129037672944
112,0.0483782308733,0.209506998688,0.00715380605718,0.0797464319801,0.0664677380098,0.0382879426799,0.548303602431,0.00113311037548,0.0010221389054
113,0.0792544616948,0.00576285905254,0.114815613823,0.0990514381849,0.269059275457,0.43156116317,4.38865668919e-05,0.000447169537888,4.13251383607e-06
114,0.102159513229,0.0606871909871,0.0156086475195,0.418307361137,0.242574745524,0.151306869471,0.00746356695043,0.00111599347283,0.000776111709334
115,0.411180397784,0.0863482527183,0.0233635223842,0.270949285669,0.0466999130939,0.00699293333153,0.10963470556,0.0126816861774,0.0321493032814
116,0.175652741351,0.140266858372,0.0181342708417,0.129419177948,0.0614004941062,0.0725123781486,0.39208571166,0.00431355810412,0.00621480946867
117,0.020263181818,0.0498230494314,0.0160994170985,0.350923750185,0.0127962862585,0.000956110896258,0.543094166567,0.00499963874103,0.00104439900441
118,0.0613766112767,0.260054009232,0.0889043970209,0.0193854797523,0.0570086445888,0.0139601518486,0.497766122824,0.0010860301343,0.000458553322099
119,0.290727282544,0.032177264002,0.00700126399947,0.498024228844,0.054403599953,0.00104782576123,0.112093770137,0.00309887648918,0.00142588826994
120,0.0871377132648,0.252193696115,0.0112555936361,0.289650656468,0.0272071578602,0.027560144038,0.293513283864,0.0091465596516,0.00233519510184
121,0.169685092924,0.0577838108959,0.0102779500149,0.114127457932,0.0490852493045,0.0234838659468,0.56488305502,0.00313022892908,0.00754328903259
122,0.0258908731003,0.275093080623,0.0087892746227,0.0612098713466,0.0211403317876,0.0126342698769,0.590135440316,0.00495089103106,0.000155967296057
123,0.0409677543024,0.14294377429,0.0306701242627,0.0497332532729,0.0375549335714,0.0398554358318,0.655312838564,0.00199766398914,0.00096422191549
124,0.498834289622,0.00203469255148,0.0048014864528,0.447065746633,0.0290775125044,0.0171391865589,0.000762071745156,0.000161750623138,0.000123263309033
125,0.452869610467,0.00503389506274,0.00278734741399,0.44156256084,0.00923926776625,0.00307360195482,0.000927403168032,0.00633316804655,0.0781731452814
126,0.0439535011899,0.0884196302614,0.0132076033045,0.0722832691625,0.165254094469,0.0430460964456,0.570377757511,0.0024343557156,0.00102369193977
127,0.0186172793688,0.13991652901,0.0610872564898,0.0567495613092,0.0918939848011,0.0201741958122,0.602924840011,0.00453690873153,0.00409944446648
128,0.0581259435837,0.438081343578,0.00150281037614,0.0200949740714,0.0138665287591,0.00245428139652,0.446031627922,0.0174910364217,0.00235145389213
129,0.255546428237,0.13330933445,0.0165939920285,0.132229120276,0.0957875685981,0.0616827210757,0.175196470906,0.00285131989864,0.12680304453
130,0.0111050953997,0.226481453269,0.00273437482853,0.0197076063626,0.0250493319132,0.0781265857091,0.629935213994,0.00648754799844,0.000372790525764
131,0.246362495769,0.146644348347,0.0102614888781,0.286254679147,0.0398004693282,0.024180632057,0.228194231917,0.009621702811,0.00867995174608
132,0.028048391639,0.248375082905,0.00167350438061,0.0767957919786,0.00562726550511,0.100919980331,0.532024770396,0.00331071511186,0.00322449775317
133,0.0806911034783,0.464936650278,0.00244788055593,0.0656850597362,0.00657741386291,0.0938584083077,0.273477264813,0.00938169750881,0.00294452145874
134,0.474693250399,0.00474637197665,0.0269686599157,0.107688760711,0.271519981116,0.110449044816,0.00356449233305,0.000338432760414,3.10059719869e-05
135,0.0671453234528,0.205665586894,0.00275482483004,0.253834843884,0.0191552417129,0.000469266895051,0.414216748298,0.0148083511573,0.0219498128759
136,0.147975884839,0.163985162095,0.00101606269343,0.466086028554,0.105042430518,0.0516706737416,0.0550046431254,0.00759894601529,0.00162016841818
137,0.0582895073498,0.15667933891,0.111049530168,0.250288386801,0.0565977411767,0.172432532788,0.193785597517,0.000816269850199,6.1095438834e-05
138,0.0743096503968,0.00160238467804,0.0275127172632,0.107924144601,0.108852246036,0.676384597087,0.00237152489979,0.00103815487952,4.58015849012e-06
139,0.375945923575,0.0134995994763,0.0215322865307,0.408329103847,0.0362581385763,0.0306974766644,0.104951205457,0.00856736740479,0.000218898468431
140,0.0877729307069,0.00380907590484,0.0309941193367,0.117189374905,0.162905738878,0.584004191165,0.0128167432381,0.000503667467849,4.15839659217e-06
141,0.124025623502,0.273267895638,0.00329828292821,0.0458526106292,0.0182239318637,0.0150150552148,0.51142026387,0.00524953048954,0.00364680586521
142,0.126253831958,0.000932468049872,0.042230656461,0.554892405991,0.273595097236,0.00121288025697,0.000282028305337,9.96776044436e-05,0.000500954137207
143,0.213892362276,0.278465836625,0.0171444165039,0.0190668121783,0.0112563216151,0.186331297034,0.269247454915,0.00367478174318,0.000920717109558
144,0.0514736962132,0.224753293322,0.0218985658344,0.116573054632,0.0232443209007,0.0165320438848,0.544333547675,0.000924944940198,0.000266532596993
145,0.0197240069174,0.0520256427282,0.0970577118377,0.0456850572895,0.0687443259426,0.0334705897238,0.680047315279,0.00141057338243,0.00183477689973
146,0.234815725173,0.329493528231,0.00464528742624,0.0769560003626,0.0275770762513,0.0993691388818,0.203586494443,0.0116518790044,0.0119048702272
147,0.0559412847592,0.275379727381,0.0257339361509,0.152602932806,0.0929776312867,0.0365468381683,0.354283874387,0.00239550106069,0.00413827400006
148,0.0463204473663,0.288851660535,0.0280467556805,0.0551498548357,0.0814198474271,0.0226626009784,0.47368641363,0.00310468881297,0.000757730733833
149,0.0676026849715,0.0690574396471,0.0273109907637,0.0519344578939,0.172336353543,0.0180428692613,0.590502289948,0.00216066690219,0.00105224706899
150,0.434909569688,0.0901555881609,0.0143178309035,0.227275929894,0.0140960165331,0.113913132714,0.0769772323775,0.0171662576411,0.011188442088
151,0.171651019138,0.1151730913,0.0109081554555,0.124761379827,0.0298296442589,0.022557616572,0.481463247997,0.0169658277826,0.0266900176691
152,0.0501029096688,0.0241020775419,0.0847403388109,0.750897245469,0.0331897249653,0.0250261454118,0.0301100776048,0.00147936609195,0.000352114435475
153,0.0478919354358,0.215770220926,0.00341252418604,0.0480226343064,0.0522942528327,0.00375065185094,0.594299316311,0.0280385300435,0.00651993410846
154,0.0570610283951,0.0506780817138,0.0192311828036,0.364735078382,0.193533126929,0.310512193402,0.00363762168538,0.000418730613526,0.000192956075888
155,1.03490398991e-05,0.253473011961,0.00236469122194,0.000328659838002,0.032661126148,0.24207668189,0.467044503193,0.00167681345465,0.000364163252859
156,0.0443206102738,0.113395368852,0.103621825681,0.0894086395156,0.0513664499576,0.00301067354275,0.580016391665,0.0104227633592,0.00443727715221
157,0.0705286792866,0.342817741482,2.46402672938e-05,0.00559946181497,0.0111294238222,0.218418736046,0.348818948855,0.00246853421169,0.000193834214303
158,0.13847114598,0.00655350991712,0.0818324932743,0.117611186511,0.364932487651,0.286781271164,0.0035653209044,0.000187375098002,6.52095008155e-05
159,0.00429951902169,0.329659392264,0.000930993821438,0.0190422150037,0.0166136988279,0.00245523957926,0.624737568325,0.00225228582629,9.08733025779e-06
160,0.249991124684,0.280087235929,0.00217815057257,0.307697501997,0.0113763601725,0.00618565927149,0.0977415718777,0.0156742459038,0.0290681495906
161,0.390612958542,0.00371979864569,0.0248765161081,0.112220751085,0.130979424257,0.334554459928,0.00283706115781,0.000194375429487,4.65484686019e-06
162,0.345940856793,0.0569918066071,0.00308662815899,0.0288819150375,0.118509359714,0.342006879775,0.103095486889,0.00111587037134,0.000371196654576
163,0.466167479801,0.0168385337613,0.0125682008686,0.133018041811,0.185920312262,0.177059846053,0.00784174766403,0.000477483139819,0.000108354639481
164,0.0285106659905,0.279654311067,0.0165026646408,0.113316016695,0.0360485820251,0.00469556331042,0.515219021937,0.00559075459065,0.000462419744033
165,0.324372242136,0.012040059726,0.00289619521208,0.61789285758,0.0312957792903,0.0032331919522,0.00566102972167,0.000795233737497,0.00181341064454
166,0.519202287856,0.00336825219767,0.0488061071031,0.345009352287,0.00457082786994,0.0758359152889,0.00316574269339,2.79710107807e-05,1.35436934187e-05
167,0.0584115509889,0.0944873153782,0.00582012643891,0.311789347287,0.0278439429098,0.213130411488,0.287425284187,0.000436389567478,0.000655631755303
168,0.0141168740471,0.0274897225889,0.0658062282504,0.0652900384784,0.177237166675,0.00530397345982,0.64129835906,0.000925923307746,0.00253171413315
169,0.0443206102738,0.113395368852,0.103621825681,0.0894086395156,0.0513664499576,0.00301067354275,0.580016391665,0.0104227633592,0.00443727715221
170,0.305991257958,0.0152261068548,0.00297839742183,0.58900197328,0.0303804761411,0.0403406795554,0.0104180464781,0.00405767595607,0.00160538635553
171,0.493134708098,0.0760320126383,0.00505632300811,0.28752164639,0.0038539203524,0.119042494204,0.00108886646173,0.00220470359229,0.0120653252548
172,0.0012700738168,0.448107601499,0.00307924525016,0.0539998599137,0.000694123927474,0.000576970113719,0.490731111773,0.00141221077302,0.000128802933259
173,0.470144872561,0.0284554410544,0.0492431639425,0.119078527567,0.039705576613,0.274833440654,0.0182736253346,0.000242184605611,2.31676676941e-05
174,0.270393586848,0.00353616818829,0.00259515857326,0.692188007286,0.0275171095438,0.00345988615939,0.000111096276592,0.00010459157644,9.43955480053e-05
175,0.0181743469251,0.25260627103,0.00717482059089,0.00844299781467,0.00744371883507,0.227309219865,0.47670373514,0.00195902828081,0.000185861518122
176,0.014036506428,0.193645195676,0.0060034794773,0.033950797977,0.0192261588295,0.0101901514462,0.718237977894,0.00467574978215,3.39824896923e-05
177,0.375945923575,0.0134995994763,0.0215322865307,0.408329103847,0.0362581385763,0.0306974766644,0.104951205457,0.00856736740479,0.000218898468431
178,0.000866600113661,0.181215996372,0.0814680908741,0.0112377651225,0.174454184218,0.0281089360736,0.515591730131,0.00383714975003,0.00321954734581
179,0.242274921746,0.0610494444337,0.00104367712589,0.58261706402,0.0528313327819,0.0270998557749,0.0312607142948,0.00153752737119,0.000285462451596
180,0.00919069754724,0.253510766209,0.00898060182469,0.0546338833075,0.027605019912,0.00509504955612,0.638784507297,0.00209949092755,9.99834194105e-05
181,0.313097289167,0.200942847105,0.0151758634147,0.2247132601,0.0619660616177,0.0262190165354,0.150576835972,0.00413344084863,0.00317538524019
182,0.0177922026215,0.0725031253634,0.0519278234606,0.159143673546,0.0244191920689,0.0147351408714,0.653574440688,0.00451668694417,0.00138771443615
183,0.0409677543024,0.14294377429,0.0306701242627,0.0497332532729,0.0375549335714,0.0398554358318,0.655312838564,0.00199766398914,0.00096422191549
184,0.0300647764935,0.219476869533,0.00936964779848,0.0579591153052,0.0265458258376,0.0213108321943,0.630174329311,0.00499410780035,0.000104495726582
185,0.0501029096688,0.0241020775419,0.0847403388109,0.750897245469,0.0331897249653,0.0250261454118,0.0301100776048,0.00147936609195,0.000352114435475
186,0.0743096503968,0.00160238467804,0.0275127172632,0.107924144601,0.108852246036,0.676384597087,0.00237152489979,0.00103815487952,4.58015849012e-06
187,0.0743096503968,0.00160238467804,0.0275127172632,0.107924144601,0.108852246036,0.676384597087,0.00237152489979,0.00103815487952,4.58015849012e-06
188,0.114568500772,0.239288794246,0.0208326980272,0.179355052301,0.0387625138691,0.0123177299444,0.392814875235,0.00112549052904,0.000934345076111
189,0.0840415986823,0.0762898832247,0.0159518402418,0.0778362389602,0.453804762531,0.0420067094606,0.246585038544,0.00212774865242,0.00135617970292
190,0.527028213141,0.0471560925923,0.00447950544476,0.31703240828,0.0534558830929,0.0315933312373,0.00594172986163,0.00170246883098,0.0116103675196
191,0.478261798249,0.0161659243209,0.0121129540366,0.0668760096204,0.111779273713,0.298939458949,0.0154815442711,0.000350682967462,3.23538727495e-05
192,0.0570610283951,0.0506780817138,0.0192311828036,0.364735078382,0.193533126929,0.310512193402,0.00363762168538,0.000418730613526,0.000192956075888
193,0.471997384409,0.00458668163437,0.027029180724,0.10018405706,0.351776736961,0.0400691544833,0.00381889718134,0.000423880587951,0.000114026959189
194,0.375945923575,0.0134995994763,0.0215322865307,0.408329103847,0.0362581385763,0.0306974766644,0.104951205457,0.00856736740479,0.000218898468431
195,0.00321147099097,0.312818277575,0.00653710884871,0.00630497218045,0.00747972611856,0.00872818227959,0.64344933944,0.00190409427298,0.00956682829338
196,0.138587753364,0.00575150898473,0.0386964631649,0.192841660551,0.50670959154,0.113928568858,0.00316443093272,0.000307761750139,1.22608543972e-05
197,0.225078027011,0.0108750463575,0.0170667113092,0.71021380082,0.00775546633025,0.000542646115195,0.0254025213844,0.00163513721483,0.00143064345748
198,0.0459358467567,0.48777089726,0.0047736469996,0.0109500186558,0.0132769619877,0.00872727223905,0.427695122641,0.000697808231365,0.00017242522911
199,0.080085291512,0.18112475564,0.0897406797614,0.0795195758859,0.0889598862049,0.00798016906891,0.463963586053,0.00276951900287,0.00585653687061
200,0.0203885152233,0.193545404939,0.0789993416389,0.0154725461647,0.0128885386738,0.242774187074,0.433605693485,0.00205124516015,0.000274527641482
201,0.285905808343,0.0486788693902,0.00280639701394,0.214804236024,0.060601973206,0.0154076493148,0.233079850121,0.0645461182439,0.074169098344
202,0.388206065455,0.0742869916945,0.00306413659483,0.174562380689,0.0244871967809,0.0292921746472,0.291554433293,0.00874315188591,0.00580346895958
203,0.522046237292,0.0050635324678,0.00683229973186,0.398461359131,0.0184972948183,0.031147562437,0.015010799613,0.0013268812401,0.00161403326878
204,0.069312386449,0.190589276975,0.00770948224081,0.0228130329321,0.0259935757585,0.27737172342,0.400143320815,0.00444604022565,0.00162116118383
205,0.151649885554,0.206889834774,0.00706337067908,0.153707325071,0.0591095995487,0.0241231636136,0.388191463208,0.00698770811923,0.00227764943204
206,0.0275355284261,0.0370106277018,0.00420073297096,0.416903040787,0.0582396764987,0.0054585458884,0.439370129162,0.00603749685752,0.00524422170738
207,0.244908646705,0.153075395806,0.0262816262694,0.370710687586,0.0298656853755,0.0576658474141,0.10245685459,0.00506324327789,0.00997201297697
208,0.0832029417726,0.279506990275,0.0130557106634,0.0554441314574,0.0158898683805,0.00813603933984,0.527894106138,0.00478135325992,0.0120888587134
209,0.0364601225685,0.158615566959,0.0151012985791,0.0557362443422,0.0187651108019,0.0162711498025,0.693963456064,0.00350047567619,0.00158657520681
210,0.00518440252377,0.0772370730651,0.119079128117,0.12475612961,0.0482465843138,0.00261635470807,0.616249850581,0.00625481032711,0.000375666754109
211,0.0946120751632,0.0733314219411,0.0104205233363,0.166189023438,0.021162932313,0.0149546462158,0.409154565465,0.0264371648013,0.183737647326
212,0.0954014062661,0.159899047674,0.010085901203,0.0441151265946,0.0480728051736,0.170496040122,0.465286327996,0.00635972458805,0.00028362038237
213,0.0650566328016,0.109093207124,0.104805091455,0.0591703840582,0.0410531144025,0.0462013827314,0.573743122167,0.00076017412297,0.000116891137163
214,0.16840556512,0.0485398909859,0.0364706639203,0.561662470232,0.0218877686905,0.0203200738332,0.126379407501,0.00152322267432,0.0148109370433
215,0.0407587117193,0.235321699074,0.0162907097619,0.0233851566431,0.213340953528,0.290539641596,0.173561517504,0.00247737685725,0.0043242333163
216,0.0584069881109,0.370809661791,0.00246412482041,0.0169416321282,0.0143875560276,0.00190235382853,0.499346510025,0.0130801646351,0.0226610086337
217,0.0608207526876,0.192344738993,0.00580506173215,0.0494019655341,0.0624363162336,0.00468223898523,0.611617490157,0.011990204215,0.000901231462687
218,0.0300647764935,0.219476869533,0.00936964779848,0.0579591153052,0.0265458258376,0.0213108321943,0.630174329311,0.00499410780035,0.000104495726582
219,0.0103423481779,0.126471565576,0.0127038125308,0.0142676468666,0.0233585041859,0.316111929133,0.494612195466,0.00167794091951,0.000454057144526
220,0.0078922373845,0.172337478588,0.0349677159715,0.0586000664348,0.0247295441267,0.0639516673951,0.625656472884,0.00807217596386,0.00379264125209
221,0.0987635518605,0.0922828113764,0.0258414902137,0.263480103786,0.0824199477622,0.0971750601738,0.339669040113,0.000219456361302,0.000148538352322
222,0.28146708586,0.142460718047,0.01498408489,0.137348181335,0.0279324563839,0.201337122187,0.1873118055,0.00237534067129,0.00478320512577
223,0.0945737311451,0.00665415353286,0.0229054454197,0.0783854932351,0.296199231916,0.467301164141,0.0335489367786,0.000427039784707,4.80404694757e-06
224,0.0840498899249,0.00781083689628,0.0104472768495,0.0267439716143,0.490835755948,0.342214242172,0.0372602875047,0.000630930340634,6.80874952972e-06
225,0.203977335008,0.10923521678,0.00148894123584,0.162930808387,0.0384537332757,0.118534210961,0.346836044393,0.0163590894893,0.00218462046878
226,0.0700245679664,0.085202527381,0.00679067533085,0.372220954953,0.0303956045376,0.0283623788383,0.396619423155,0.00809180993427,0.0022920579036
227,0.0197438772954,0.170784408542,0.016360996291,0.0247515243912,0.0833553831899,0.0579752322735,0.614176423069,0.0112199650293,0.00163218991789
228,0.0237563211265,0.140036612753,0.00695558798176,0.0322104017828,0.0360233552355,0.00449764824199,0.750230620716,0.00568154722883,0.00060790493408
229,0.159793004055,0.135929450571,0.00617883076129,0.471718990292,0.0485830583122,0.11487607955,0.0445706384047,0.0164159253187,0.00193402273514
230,0.0955909187273,0.00586745077624,0.032224276089,0.119504189435,0.195717274366,0.520378417667,0.0303775408009,0.000336072901214,3.85923709819e-06
231,0.270357353326,0.0417615923106,0.0027552717079,0.410189798732,0.026416450516,0.00355773543715,0.23965962528,0.0039532558616,0.00134891682814
232,0.195862594933,0.0471870684644,0.0154118867758,0.505485463191,0.103999683346,0.122086435803,0.00777137222554,0.00135369133501,0.000841803926646
233,0.253458039738,0.0886809986454,0.00403482413823,0.22706659339,0.0545080718901,0.0957542103925,0.265717394612,0.00779706844847,0.0029827987456
234,0.0792544616948,0.00576285905254,0.114815613823,0.0990514381849,0.269059275457,0.43156116317,4.38865668919e-05,0.000447169537888,4.13251383607e-06
235,0.0132065349045,0.632536726926,0.00158887722044,0.0170477932152,0.0236418878804,0.0762068861398,0.204818237923,0.0308465638621,0.000106491929104
236,0.0417781998004,0.483888798434,0.01370756739,0.051103265283,0.0140890470531,0.000335586870566,0.315528421612,0.0123669604835,0.0672021530732
237,0.00422554875051,0.225732174633,0.0298574092114,0.0249968977397,0.0409919528723,0.48219216224,0.181191259072,0.00722424280062,0.00358835268124
238,0.261000707236,0.00653950253474,0.0418058408888,0.210720598972,0.378152313789,0.0934504421801,0.0075945121625,0.000641415830179,9.46664059471e-05
239,0.335172638144,0.0588420823508,0.0132213450309,0.0920091968558,0.0528393463631,0.341365404684,0.102930979787,0.00175496177632,0.00186404500819
240,0.337301653579,0.013356293705,0.00119823359114,0.474470346674,0.0435911787293,0.124550777996,0.00454326248736,0.000481355693827,0.000506897542994
241,0.000773570772675,0.267048277267,0.0167428550865,0.068501267194,0.00284677481773,0.00164259672495,0.628643611439,0.0119741804911,0.00182686620739
242,0.0337341074541,0.299019012034,0.000908731768866,0.0371961388043,0.0217943122198,0.13654324671,0.459409549955,0.0096522169719,0.00174268408193
243,0.0217226637621,0.112317337005,0.00499396944732,0.022903689606,0.032029783802,0.0051004799807,0.797579355667,0.00332640834053,2.63123896723e-05
244,0.137773620112,0.0403022476905,0.0013325537394,0.172824069343,0.0295096945448,0.481725264183,0.128064110378,0.00404149670101,0.00442694330853
245,0.029982047807,0.20685241671,0.0108139289045,0.120862837921,0.0381753979844,0.0106910771743,0.566135102189,0.0124068929374,0.004080298372
246,0.22407820049,0.111144482084,0.00305741898928,0.286356781848,0.0392275403738,0.0310492938043,0.288506302942,0.00692901731607,0.00965096215266
247,0.250772791544,0.00848329404018,0.0282293527401,0.106988762433,0.35393174144,0.214917792463,0.0362161638744,0.000448904164698,1.11972999757e-05
248,0.0208598664111,0.267675703795,0.0123411535729,0.136449921545,0.0103666178174,0.00543479429601,0.54154325098,0.0037125111602,0.00161618042222
249,0.241945465108,0.174567925218,0.00979328692312,0.153175062829,0.01078267866,0.207140525377,0.175719727228,0.00897709831415,0.017898230343
250,0.081024104203,0.144642718996,0.00200209812291,0.0740096282114,0.0200676997101,0.0563024306072,0.606520394746,0.0110444517483,0.00438647365579
251,0.206701062374,0.447910060768,0.00685466582513,0.135635472137,0.0591984536186,0.00482160517957,0.132595573623,0.00469395076784,0.0015891557063
252,0.297103861698,0.058071056788,0.0409979854997,0.374866561736,0.0409036141689,0.0189547655491,0.150721301833,0.00664631400493,0.0117345387216
253,0.00777352514115,0.179011670705,0.0287179689378,0.544619237772,0.00953512696035,0.0202022119791,0.202809399752,0.00110160095511,0.00622925779702
254,0.383578601826,9.842947335e-08,0.0219661872894,0.0814060974965,0.0369413438539,0.354698056581,0.107081287079,5.48747413549e-06,0.0143228399701
255,0.225727566144,0.117694104117,0.02103129953,0.162088347325,0.0931684790982,0.00418318924839,0.367322702891,0.00454450235397,0.00423980929241
256,0.377200668322,0.00534077497556,0.0376521181702,0.114759705733,0.310446100227,0.150550750172,0.00370667930849,0.000304533201437,3.86698903041e-05
257,0.259738553457,0.0237720340778,0.0124938505227,0.537020639416,0.0644843742503,0.0326395026315,0.0666194949145,0.00215882754344,0.00107272318694
258,0.0148954560024,0.0175594097164,0.00595106925239,0.878146347422,0.0328046275681,0.0199513350249,0.0144302767268,0.00290521862505,0.0133562596618
259,0.0152774729642,0.282869392296,1.01679170198e-05,0.230801602412,0.000814904465158,0.356332596696,0.102122008041,0.00308868614055,0.00868316906694
260,0.0955909187273,0.00586745077624,0.032224276089,0.119504189435,0.195717274366,0.520378417667,0.0303775408009,0.000336072901214,3.85923709819e-06
261,0.0916830338881,0.302120407735,0.00423759473058,0.0588502493747,0.0387829587658,0.0479983193034,0.431383377078,0.00424595816495,0.0206981009589
262,0.498834289622,0.00203469255148,0.0048014864528,0.447065746633,0.0290775125044,0.0171391865589,0.000762071745156,0.000161750623138,0.000123263309033
263,0.00826089886087,0.254151029152,0.0347597003044,0.0234038501863,0.0257553736044,0.0141442407098,0.629797592527,0.00640175478496,0.00332555986993
264,0.00113608848209,0.485757153493,0.00468696897813,0.0392154569037,0.00174390441974,0.00131090338663,0.46407310615,0.00183349829985,0.000242919887318
265,0.566288250342,0.00396510079324,0.0130123243947,0.0947839954164,0.104730216972,0.210028319484,0.00695417268016,0.000230759599297,6.86031775941e-06
266,0.0282304294503,0.145025433823,0.0010482888867,0.0105126933616,0.0180296510585,0.0290932141741,0.763438166723,0.00348048731178,0.00114163521083
267,0.0767420992958,0.166365559615,0.0100656085171,0.113179547115,0.0352164925096,0.013980376594,0.575713238805,0.0049161958726,0.00382088167618
268,0.188744061152,0.213537232006,0.0185644583719,0.361017019747,0.0179957607424,0.00241060205586,0.136729919222,0.00611482866028,0.0548861180428
269,0.486427058273,0.0223023251194,0.0790952225088,0.35557651698,0.00799352449003,0.0196812771971,0.0131719755024,0.00996591360048,0.00578618632873
